100 100
 56  -5 -46   79 -86  -77  29   93 -15  29 -33   -7 -89 -23   11  43  -76  -20  15  23  17 -28 -40   56 -78  92  51  -13  71   79  57   4   -4   72 -55 -63 -43   29  -85 -17   4 -92 -69 -62  69  21 -84 -27 -63  72  66  -23  15  56 -80  93 -80  28  -25  -27   47  99 -11 -63  -31  -72    3   21  -84    6   -1   40 -72  86  43  76   28 -23   52  43  45 -41   -9 -95 -73   87   -1   33  38 -14  81 -56  66 -60   -4 -58   3 -98  -11  18
-67  96  60  -82  35   33  46   99  17 -81  88  -39  54 -46  -92 -86  -78  -95 -36  71  65   7   4   66 -40  90  60  -67  16   87 -93  46   63   98  97   1  -1  -33  -22 -90 -72 -57 -60  54 -27  71 -76 -74 -84 -34 -70   54  68  41  73   9 -55  84  -38  -94  -66  62  70  11   71  -60   49   48  -58   41  -47   98  48  57  77 -38   94  88   78 -83  54  96  -42 -30 -25    7   17  -77 -46  22 -59  16  86  83  -79 -50 -16  -3   34  -3
 71 -83 -36  -51  60  -76 -43  -27  -1  18  83   79   1  24   68  14   91  -15  24  52  47  73  29   98  28  41 -43    9 -76   58  35  59    3  -97 -42  58 -97  -93   30 -97 -77 -20  39 -43  89  93 -50  -1  23  52  77  -91 -12  -8  24  44  19 -87  -73  -42   29  85   1 -87  -53   64   64   23   62  -99  -78   74 -59 -49 -67 -73    4 -99  -13  39  89  22   74 -63 -98  -84   80   45  -5 -58 -39  79 -78  74   68 -90 -44  56    3 -96
 77  14 -48   52 -99  -89  42   52 -93  42 -65   21  37 -72  -11  57  -34  -18  12 -39  71 -77  94   52   8 -37 -31   36 -40  -60  42  83   -2  -26  78 -12 -81  -32    9  74   0 -57 -72 -93  -4  55 -49  81  87  37 -61  -66  34  60 -86   5 -46  23   91  -44   89  12  92  99   26  -90  -78   40  -59  -48   29   38  80  51  60  75  -90  44   39 -78 -12 -39   -4  50 -76  -90   87    7 -81 -71 -13  51 -66 -32   41  47  80  39   -6 -55
-93 -71 -71  -31   7  100 -61  -19  76 -60  37   12  -2  -5   93  92  -69   28   6 -56 -82 -22 -70  -60 -98  18  31   30 -74  -83  87 100  -28  -92 -38 -70 -94   11  -33 -30  75  23  35  56 -84 -72  71 -38  55 -77 -98   52  96 -62   9  73  -5  78  -91   98  -94  70 -65  82   14  -53  -32  -28  -99   43   92   10 -86 -69 -74 -30   -4  49   28  55  99  60  -65  78 -45   37   76   15 -63 -57  58   6 -77  27   11   4  76 -75   83 -29
 18  60   9   75  44   39 -83  -53 -40 -83  63  -32  25 -90 -100 -32   51  -40  53 -79 -25 -34  61   -5  38  92 -71  -30 -12  -17  49  46  -90  -82  99 -76  26   12   34  57   3  35 -83  56 -81 100  -9 -81  60  16 -39  -35 -54 -74  83 -14  40  93   26   57   87  12 -71  -4  -63   59  -24   43  -72  -29  100   32 -83  73  18 -60 -100  52   53  11  24  47   88 -11  58   25   80   81  58 -36  54  74  84 -98  -22  45 -82 -63   41  23
 18 -71  53   82 -37    9  18  -79  22 -27 -58   92  61  60   18 -55   95   46 -42  29   4   3 -22   33 -64 -48  63   71 -28   -1  93 -69  -68  -66 -36 -24 -89   38   69 -84 -65  38 100  85 -64  79 -54 -83  28 -42  99  -24 -50 -97  65 -20 -25  51   34   39    7  65  29  34   78   87   -2   65   84   32  -42  -97  48 -25   3  18   37 -97  -87  94 -34  24   28  31 -46   60  -75   37  92 -10 -87 -93  51  67    1  81  75  58   74  90
 16 -32  27   78 -90  -78 -77   82   4   0  75  -39 -49  95   73 -33  -32    2  16 -66  42 -52  87   48  68  99 -15  -76 -65   73  51 -85   66  -71  89  66 -82   -3   16  61 -14   2   7  66  66  19   4 -13 -35 -79   1    2  32  25  58  94  86 -41   95  -31   93  39  47  92   20   38   76   89   34   70  -53  -11 -37 -85  28 -96   61  58   78 -39  81 -37    4 -42  56   61  -62   83 -37  95 -15  98 -97 -86  -86  26   4 -18  -13  84
-52  95 -91   15  24  -69   9    8  15  58  57  -79 -68 -20   78  54   67  -28  33  26 -85  25 -58  -55  64 -41 -95    6 -74  -17 -61  78   35   62  14  69 -58   73   42 -79 -79 -68 -68  83  54 -17  24   1 -40  88 -63   83  48  39  68   6  49 -90   28   85   21 -42  -8 -72   93   76  -28  -57  -51   14  -70   95 -66  13  99 -87  -23  29  -99  44  56  42  -14  58  66   -6  -82  -31  53  27 -33 -70 -52  89  -82 -35  29 -38  -91  13
  4  28 -49  -29  74   24  67  -55  72  49  67   28  87 -95   73   0   30  -63 -33  -2 -58  17  33  -91 -34  28   8    4 -82   42 -63 -43   92    4  95  69  26  -79  -14  74 -65  21  70  92 -33 -54 -27 -61 -21  -3  66  -75  51 -94  92  32  36 -18  -22   55  -30 -36  15 -91   52  -86   47  -97   16   85   79    2 -61  32 -67 -22   16  -4   -4  90 -85  34  -87 -67  26  -36   20   32 -23  93 -99 -61  87 -74  -37 -98  60 -89  -66  64
-19  81  16  -92 -41   -8   9  -16  29 -61 -17  -90 -86  -9  -16   1   40  -56  97 -83  -4  -4  97   18  85  23 -95    8  90  -27  97 -99   14    0 -42   5  -8  -59   32 -32 -13  84  63  61 -22  34  61  98  55  81 -57   85 -14 -54  76 -98  60   5   52   -2   34 -19   1 -69  -89  -19   74  -16   43   11  -68   47 -96 -55 -63  53   58 -54   -4 -97  70 -33  -49  70 -60   55   91  -38 -61  34 -45 -61  56  92   30  44 -58  99  -97  29
 44 -17  28   69 -65   23  92  -16 -58 -18  34  -66  19  41  -19 -36  -29   12  22 -78  53 -82  60  -53  78  95  71   32 100   11 -20  38  -89    4  71 -17 -93   48   31  72  83 -70 -80 -40  46   5  95 -90 -19  67 -12  -56 -87  47  92  42  31  -9   97    4   93  38  58  14  -15  -45   62   68   73   12  -53  -36 -65  81 -68 -16  -48  19  -66 -16  27  12  -41 -20  16  -28  -28  -23 -74 -16  70 -86 -61 -83  -12 -94 -18   9   59  40
-18 -71  19    1  66   65 -39  -51 -29 -38  14   -4 -90 -27   76 -96   74  -53   0 -35 -20  10 -28   68 -27 -29  -7  -12  87   89  84  80   54  -85  32 -33 -83   10  -46  99  75 -72 -85 -71  59 -61 -89   1 -63  49  24   70 -10   4  94 -37 -47  46   63   94   73 -78 -44 -95  -73  -52   -8   -4   -1   34   39   19 -72 -63  84 -60  -63 -93   57  87   4  91  -45  54 -86  -40   89   -9  37  47 -62  97  53 -49  -24 -97  86 -97   19  14
-48  21  81   40  99   68 -40    3 -69  54 -22  -88  -6  57   48 -60   70  -19 -69  62 -81  36  78  -69 -59   4  15   86   3   26 -90  93  -22  -80  97  98 -48  -66   46  95  27 -68   7 -40 -74  25  27  53 -13  38 -75  -39 -80 -73  37  21 -37  18  -69  -27  -80 -74 -44 -47  -31  -90   58   26  -32   47  -55  -28   0 -99  93  73  -58  64   72  26  19 -49  -88 -24  62   86  -59  -78  23 -54  78  50  47 -36  -61 -89  42   2    9  77
-73  94   8    9  87  -52 -88  -76 -36 -60 -17   73  37   4   24 -87   22  -80   3  -5  35 -59  39  -75 -20  54  68  -37  30   -9  33 -35  -60  -94  54  34  60   95  -41  59 -83  37  24  92  -2  55  84 -32 -91 -19  -3  -33 -98 -66 -22 -59  38 -49   77   31  -75 -87  90 -19   12   85    2  -41   91   -9   52  -77 -24 -32 -51 -41   72  54  -21  93 -12  65   27  91  15  -75   60  -56 -27  98   3   0 -27 -64  -88 -93 -66  43  -82 -74
 92 -93  27   -3 -66   22 -27   32  54  26 -46  -48 -18  22  -25   8  -48   72 -57  16 -24   9 -84  -74 -11 -66 -18  -98  10   90 -99  57  -68  -25 -88  47 -76   10   89   6  84  39  21 -78 -74  26  45 -59 -99  38 -22  -32  93 -38 -95  21 -57 -51  -84   17   -2 -97   3  -1   98   73   43   60   43   74  -68   12  86  32 -70   7  -77 -31   20  77 -35   0  -23  17  24  -51   35  -13 -81  44  15 -78 -98 -54  -92  87  47  19   51 -49
-25 -72 -53    1  74  -92 -63   61  32 -60  60  -69 -97 -57   71  10    1   54  69  26   1 -80  97    5 -27  90  52   56 -24   27  72 -46  -57   41 -69 -41 -52   31  -56 -47 -67   1 -80  37 -80 -39  16  37  49  89 -16   25 -81  93 -69 -73 -87 -81   46   42  -12  -5  56  84  -24  -58 -100   61   53  -43   43   13 -32 -15  68   1  -65 -70  -20  37 -84  72  -80 -33  48  -92  -47   29  57  28 -79 -98  65 -42  -37 -13 -11 -52  -10  45
 37  62 -77  -25  30  -42  68  -60  62  -5 -62   80 -29 -28    0 -70   -7   19  76  93 -34 -35  82  -38  42  44 -61  -82  57   10 -25 -71  -28   29  82  22 -12   53  -46 -72 -29 -93  43 -22  46 -84 -66 -92  78 -70  64   14   7 -59   9 -34 -10 -16  -76   55   38  18  43  79   92  -76  -91   -4   81   44  -34   60  52  46  72 -73   77  10  -76  15   2  -5  -44  24  23   41   98   16  19 -43  88  37 -71  45   53 -29  93  60  -10 -59
  3  76 -57   31 -62  -32 -95    4  11 100 -25  -32  29  70   97  76    7  -51  -6  17 -81 -32  30   -8 -70 -96 -37   65 -52    7  25 -89   28   73 -97 -52  69   30   96 -63 -97  -9  13 -58  39  45 -34  -9  99  38 -73   71 -15  81  66 -36 -41 -57   20   38   79  -8  72 -88  -22  -96  -17   69   54  -74   17  -10  44 -34   1 -21  -16 -83  -90  -2  46 -31   86  -4  63   33  100  -51  94 -28   0  85  12  23  -22  75  -1 100   11  71
-38  89 -73   74 -36   95  -4  -19 -56  54  42  -66  10 -99   86 -20   82  -28 -82 -21  43  34  18   76 -72  82 -61   -3  52  -38  69 -76   32   89 -13 -62 -33   44  -65   6  95 -55  58 -29  30 -12  89 100 -20 -73  28   41 -64  11 -53 -21 -48  96   -8   12   92 -40  95 -45  -69  -19  -71  -18  -65  -13  -48   -2  44 -40  79  52   17 -61  -88  55  77  68  -98  95 -95  -68   84  -18  38 -77  65 -43  54  46   54  29 -85  82   41 -32
-15  18  59   65 -24  -60 -20   17  88   3 -35   45  15  37  -91  40 -100  -50 -22 -77  79  46  49  -10  86  -6 -53  -13 -64  -83 -73  97 -100  -60 -77  76 -34   78   -2 -76  20  14   5 -29  25  88 -49  96   8 -91 -84  -75  77 -35 -30 -28 -32  93   49   87   28 -43 -67 -12  -85   91  -63  -53  -81  -11   46  -36  -1 -67  26 -80  -65  -6   75 -23 -85 -60  -51  58 -13   65  -40  -15 -75  81  21 -16  -9  77  -14 -18 -28 -23  -50 -56
 85  86  39   57  84   14  21   12  51 -60 -78  -36 -49 -15  -18 -34  -84   56 -21 -22 -77  56  35  -97  45 -63  34   43 -70   98 -29  65   19    6  49  51 -27   39  -23  37  -3 -58  -5  58  79  29 -61  73  88 -24  60   99 -85 -21   5  12 -34   5   20   57   28 -27  -9  54    9  -28   63   76   88   69  -94   -6  43  20  71 -43  -18 -57    1 -71 -14 -33   16  -5 -62  -82   44  -91   9  82  84  69   6 -40  -18 -40 -93 -62  -85 -86
  9 -31 -85  -20  28  -97  34  -62 -82  67 -89   22  87  70  -84 -63    1   62 -55  75  25  42 -24   30  24 -57 -93   47  16    4  52  75  -42    6  17 -96 -54   92   88  76   4 -18  25  73 -40  42 -78 -30   6  13 -11  -16 -94   9 -28  16 -54  69  -99  -64  -93  16 -72 -39   88   42   21   74  -52   67  -24   87 -91 -69 -45  43  -96  54  -54  81 -55  27  -74  -9  42   86   76  -63 -37  72  35 -57  70 -54   -2 -41 -76  97   86 -75
 -1 -41  65  -18 -13   43 -94   79  68 100  -3   47  67 -70  -68  80   48   49  28  -2  11  28 -96  -24 -72 -24  61  -13  55  -61  38  53   58   71 -44  18 -99  -72  -59  28 -12 -80  92  43  74 -55  62 -60 -92  83 -53   31  29  95  42 -51 -47  98  -85   76  -89  45 -99  61   70   52  -84   86   78   38  -31  -11  31  34 -54 -16  -77  41   18 -33 -30 -61  -87  50  77  -10  -86  -69 -91  87 -40 -65 -66 -15  -92 -84  44 -79  -15 -89
 14 -13  72  -64 -97   10  24  -85  18 -71 -90   37 -99 -89   54  92   78   88  32 -72  27 -84 -67   94 -33 -10 -38   91  39  -70  32  74  -33  -20 -24  37  79   61   59  -5  45  28  36 -93  29  89  12 -48  65  39  21  -12  51  79 -23 -58  37  61  -56   56   56   1 -59  78  -93   83  -29  -11   67  -39  -58   97 -35 -23  30 -26  -69 -21  -40  50  21  21    9 -23   7  -45  -62   52  43  93 -61 -15 -24  85  -69  98  10 -14  -74  18
-24  45  60   10 -59   -9  25  -11 -15 -13 -31  -58 -76 -73  -23 -97  -15  -86 -30  54  28   0 -20   19 -80  82 -68   61 -28  -27   8  60  -96  -74 -29 -23 -20    3   91 -29 -94   3 -19  43 -42 -44  10  99  12  -2  67   25  -7 -39  71 -73 -43 -69   49   15   26  84  19 -27   46   77  -46  -56   27   20  -39   81 -47  72 -22  89   30 -78   76  43  68  -2  -71   6  43   64  -20 -100   8  23 -81 -24  -3  11  -73  21 -24  60   72 -72
-35 -60 -96   16 -19  -44  -5  -76  27 -48 -18   29 -32  30   66 -61   -4  -13   7  76 -86  74 -61   61   9 -39 -88  -34 -17  -39 -15  96   97   91 -93  19 -24  -57  -77 -54 -12  77 -62 100 -75 -37 -71  36  55  92 -91   62 -11  -9  97  72   8  91   61  -37  -70 -54  74 -10   15   43   64   81  -95   53  -73  100  11  92 -62 -97  -99  92   94  47 -68 -54   45  87  -7    1 -100  -17 -99 -39 -18   3  55  54  -93 -63  86  78  -88   5
 40  58  63   64   1   72  27  -91  62  74  70  -82 -64 -23   75  35   -2   73 -47  16 -54  -5  24   92 -50  44 -61  -33  -1  -10 -20 -34  -34  -24  60 -61 -63   26   67  74 -19  34 -56 -48 -39 -21 -44 -90  -2 -80 -29   51 -61  71 -54 -13 -52  22  -40   86    2 -73 -73  59   68   39    2   97  -60  -32   48   14   8 -91  93  64    4  85   99  -1  35  30  -72  81 -64   29   77   59  78 -49  60 -56  84  17 -100  81 -84  -6  -54  25
-24   4 -77  -20 -60   11 -45  -85  29 -67 -59   98  -3 -99  -79  66   71  -18  17 100  88  48  28  -24 -40 -83  19  -58  18  -24 -92 -59  -24  100  54 -51  95  -71   46  68  12  -8  76 -73 -90 -14 -86 -80  57 -49  14  -77 -44  93  94 -48  98 -90    2   77  -29 -33  59 -76  -10  -25  -63   90  -84  -93  -51  -41 -43  59 -39  72   21  11   28 -99  10 -70  -62  85 -63  -18   71  -66  41 -80 -98 -61  -6  88   60 -40 -11  46  -77 -24
 96 -81  43  -45  48   38 -31   75  16 -30 -43  -29  79 -72  -60  28  -31  -97  27 -30  67 -55  53  -72 -90  61  91  -55  21  -35  -8  74  -53   99  27 100  64   51   51 -79  48  37  59   4  93  90 -74   5 -59 100 -16  -94  60  35  53 -72  35  89  -66  -56  -82 -69 -87  -7   84  -40   -1   -7   34  -51  -99   51 -91  19  85  92  -12  97  -25  32  61  94   33 -96 -27   61   38   10 -94  74  41 -91 -82  -5    5  94  43  32   16 -13
 60 -53  13  -69 -31   24  96  -69 -63  19  76  -97 -10  96  -10  -5  -22  -71  40  60 -27   5  96   59  45  37  84  -54   4  -22  44  68    3  -39  98  32  44  -85   39  38 -65  68   3  52 -77 -48 -52  70  82 -93 -81   70 -22  25 -83 -52 -64 -38   29    9  -71 -13  64 -46  -18   44    8   17    6   84    6  -82 -63  29 -29 -60   47 -65  -20  18  75 -44   78  55  40  -53  -75   52 -23 -80  34  35  22   4   37  63 -94 -32   83 -58
 53  66  68   -6 -69   37 -51   -6 -67  95  26   98   4 -16   88 -89   93   63 -17  72  49  52  35  -59 -97  63  14  -39  72  -78 -34 -66   -7   28  12 -69  29  -61   43  -2  89 -72 -48 -29 -88  30 -21  86  66 -70 -40  -26  70 -54  83  -6  -7  26    5   19  -85  90  32  99   84    0   46   25 -100   94  -66   74 -92  90 -40 -70   10 -79  -48  17  27 -53  -53 -60 -96  -99   73  -19 -66   2 -55 -16  65  -2  -71 -85 -50  15  -53  -6
 13  22  -4  -44  85  -19   1  -33 -33 -28  -8   39  99  82   45  42   40  -87 -18 -19  81 -36 -81  -26  43 -29 -38  -67  40  -45 -58   4  -59    4 -20 -17  57   93  -82   3  16  31 -45  83  81  96  65  46  20 -50  70   47  14 -15   2  77 -65  45  -75   91  -38 -54  27  28  -36  -31   99  -81   57   92   86   33  64   1 -89 -10  -45  31   92  30  43  11  -76   8 -97  -53   76  -24   5 -95 -84 -33  37  58  -17 -70 -38 -67  -69   3
-26 -93  57    7  51   48  61   12 -51 -49 -16  -39 -74   7  -32 -56  -22   32  93 -54 -49 -19  55   -1 -90  31 -51    6  53    3 -24 -26   45   87 -99 -99 -97  -43   75  37 -99  62  30 -57 -53 -81 -95  61  12 -17  93  -93 -51  26  86 -91  78 -37   86   17   46  58  88  35  -10   42   86  -32  -63  -96   82  -42 -80 -67  59  20  -69   0  -67   4  54  -3   63 -23  69    2  -28  -41 -63 -52  43 -39 -73  26   60  41  90  83    7 -38
-69  54 -40 -100  30  -68   0  -22 -68  18 -29  -87 -38  84  -39  69  -32   36 -53  59 -40  88  67  -70   5 -92 -72   41 -40   83  15  15   35   56  54 -92  27  -52   -3  56   5  96  60 -92  28 -52   8 -83 -58 -17  32   -9  92 -92  -6 -69  24   8   67  -81    8  99 -59  81   50  -66   98   16  -21  -19  -36  -35 -62 -23  20  63   51 -98  -80  -1 -66 -16   26 -51 -99  -61  -24  -55  41  39 -22   0  34 -52  -41  97  -8  38   63   9
 92  77  28  -70 -98  -79  19   66  40  90  79   36  15  53  -60 -47   46   56  22 -66 -98  64 100   59  23 -10  39   41 -56  -92  32 -29   -3  -88  60  -6  61   74   61   5 -18 -57  73  63  85  -1  14  17 -15 -49  13  -28  51  97 -47  69  40  30   79  -60   56  -1  51  -8   28  -61   85  -49  -10  -70   54  -14   1 -95 -76 -83   73  36  -90 -19 -40 -88   67 -56   3 -100  -97  -11  91  97 -79  30 -90 -75  -12 -20  -6 -40   38   3
 43 -51  10   45  87   22  36   45  -5  26  24  -38 -86 -50   59  37   33   32  39  14 -10  88  21   25  98 -70  42   25  15  -65  43  13  -95  -78  37 -94  27   34  -61 -57 -63 -33 -45  77  49 -61  11  25  27 -43  46  -12 -46  -6  68  89 -96 -58  -90  -65  -42 -21 -71 -57   80   14  -95  -13  -74  -26  -15  -76 -79 -31  12  82  -52 -32  -49  50 -39  40 -100 -83   4  -72   63  -87   8 -24  54  46  44  71   65 -28 -53  -6  -60  49
-96 -78  73   77  91   65  49  -20 -99 -99  33   58  32  18   85 -55  -51  -82  70 -16  36   9  43  -30 -94  78 -54  -11 -60  -51 -24 -27  -99  -45 -20 -94  83   89   77 -37  39  26  64  36  29 -59   5 -75  -3  86  -2   18 -63 -79  10  16  82 -61    0  -85   66 -42   9  12  -96  -71   15 -100   -2   85 -100  -98  99 -28 -70  59  -26 -24  -42  91   1 100   70 -61 -93   29  -47   80 -95  40 -43  40  46 -39  -21 -40  31  75   59 -16
-30 -81  10   60  62  -85 -63   64  71  70  60  -46 -75  31  -59  57    0   75  64 -20  94 -61 -49    1 -70  55  17   65  34  -20 -94  41   72  -18 -54 -81  75 -100  -71  81 -89 -98 -40  -7 -76 -40 -20  96  46  45  85   43  30  94 -41  16  66 -85   55   82   20  80 -35  24   57  -86   24   -1   16   72   48  -55 -12  52  22  61   57   8  -67 -35 -80  27  -59  56  53  -31  -23  -48  30  89 -68  22  53 -97  -75  93 -60  20   59  64
 18  17 -34  -97  45  -82  10  -69 -71 -53  17   85 -16 -81   44  19   34  -17 -39 -98  50  92  66 -100   3 -79 -18   98  60   46  -5  12  -30  -51 -19  93  37  -84  -50  88 -38 -15 -40 -29  86 -47 -41 -71  -4  55  -2  -73  65 -53  22 -82  94 -86  -15  -44  -47  36 -23  68  -61  -78  -21    5  -86  -90   26  -30 -18   5  53 -93    7  71  -31 -89 -24  47   60  50  11   52    4   27  76 -79  32  50 -15  64   63 -95  39 -86  -40  22
 55  41  -5  -75  51  -90 -69  -61 -43  79  78   -7  24 -73  -17 -94  -88   67 -24 -15 -70 -25  41   20   2  36 -82  -50 -36  -98 -79 -63  -36  -14 -38 -30 -49  -38  -38 -52  60 -42 -16  66  14 -81  84  27  22 -10  80   -1 -52  96 -39   2  -7 -38   98   70    6 -86  -1 -84  -39   58  -69   15   27   33   18  -51 -79 -60  30 -17    2  11  -47 -65  99 -77  -52 -51  99   26  -71   98  28 -35 -10 -97 -16  44  -95 -28 -90   3   12 -84
 76  55  11   87  66   84 -31  -47  92  -1  75    6  87 -47  -31 -15  -71   87  36 -98 -35  77 -75   14 -33 -17  35   66 -92   68  52 -82  -12   14  84  46 -96   67  -55 -91  93  40  58  41 -25 -94   3 -95 -34  67   9   29 -69 -42  98  89 -86  97  -94   30  -66  81  46 -40  -72  -80  -32   61   88  -60  -44   18  96  68  48 -24  -86  92   47  88   4 -86  -10  -4 -61  -83    5  -40 -80  42  81 -32  22  32  -73  -2   9  12   54  34
 66 -71  55    7  34  -63  -1   15  44  69  57  -20 -84  68   41  49  -19   17 -84 -92 -86  95 -25   90  18 -99  99  -92 -74    6  65 -76   41   22 -34  32  39  100   -5 -43  -4  69  63 -55 -44 -55  88 -49 -93  27 -57   61  76  76  86  55  -9 -78   67   66  -56  82 -54 -61  -91  -66   81  -58   91   48   36  -73 -85 -61 -94  92   52 -38  -97 -75 -29 -47  -10  25  34  -36  -29  -22 -21  34  43  87 -81 -77  -58 -20   3  52  -50 -62
-95   7  -4  -16 -37   43  14   90  88  79  58  -86 -75  90  -68 -84   41   39  61 -20 -76 -52 -42  -76  38 -66  93  -93  12  -11   5   4   87   80  70  38  35  -55  -93  57  62 -33  16  -3  39 -48  56 -87 -66 -69 -16   23 -75 -75 -15  71 -81 -19  -82   48  -35  87  66  92  -68   -4  -39   66   17   34   16   42  48 -11  63 -88  -77  95   91 -30  12 -77    6  59 -14  -11   40   25  64 -94  64 -47  77  40   52 -23  71 -17  -75  78
-71  44  85  -88 -69   81 -90   60 -43 -97  81   32  -1  43   -6 -55  -39  -22 -29  -7  65  -1 -30   -8  31 -21  23   53 -86  -20 -90  84   99  -93 -53  68  55   79   37 -19  -7  -4 -95  23  86  -5  25  79 -53  -3 -44   41  79 -14 -45  -5 -74  58   23   47   -6 -23  64  82  -97 -100  -65  -87   85   24  -24   32 -20 -92 -67 -43   28 100   91   0  46 -19   53  -1  34   25  -49  -84  97  88 -75 -72 -43  -3  -39 -31  32 -37  -22  86
 68 -52 -15  -86 -87  -63  -7   77  22 -42 -74  -27 -48 -86  -78 -30  -78  -67   1  51 -83  73  63   32  47 -22  86   48  43   61  78 -80  -40   72  76  17 -60   18   52  77 -89 -90 -72  24  28 -24 -57 100 -95  -4  42   57 -73 -89 -87  82 -72 -45  -17   52    3  58  88 -42   65  -46  -12   28  -53   13   41   -9 -69  69 -97 -92   30 -63   79 -53  70 -67  -61 -60  41   34   18  -46  85  84 -15  42 -71  92  -89 -97  51 -49  -19 -35
 11 -69 -25   20 -18   66  17   35 -54 -71   8  -77 -73  52  -19 -90   99   88  86  16  49  35 -14  -82  74 -43  85   38 -99   94 -83 -53  -20   99 -90  82 -80   14  -25  40 -29  93 -99  17   0 -23 -22 -50  32 -54  -7    2 -72  23  87  40  47  70   56   93  -44  80 -12  -4   57   37  -68  -46   84   77   47   69  11 -95 -57 -34  -62  58   61 -58  46  60  -93  93  97   59  -64   38 -38  14 -91  33  71 -38  -22 -93 -94  14   37  90
 70 -41  89   76  40   56  51   64 -62 -81  64   34  89 -46  -91  55  -35  -66  39  87 -99  94 -62   90  96  70  29 -100 -88  -89  79 -37  -43   93  -7  83  -9  -83   75  93  56  74 -65 -13  74  21  25 -75  46  82 -47   10  -8 -48  18  58 -18 -86   98   88   58 -40 -69  46  -79  -71   89   11  -29  -68  -19  -75  29  55   6  99  -83 -67   -7 -22  65 -29   79  14  41   72  -43   75   3  40   1 -25 -74 -86  -37 -74 -71 -97  -90 -93
 44  65  -5   30  -7   67 -48    5  55 -86  50   62  58  84   30 -87  -91   45  -3  45  53  93 -74  -75 -30  22  78   59  57   40  89  92  -80   -2  96  39  31  -87   71  73  53  -8 -74 -86  38 -99  -1  -9   1  89 -27  -59  83  23 -53  81  16  -9   -8  -80  -14  18  92   0   23   -4   47  -31   42  -35   31   21 -25  38   5  98   92  85  -96 -11  89 -26  -15  55 -16   69 -100  -82  85 -81  59 -22  25  37  -63 -42  83 -85 -100 -78
-92 -78 -32   95  -5   91  68  -91 -23  65 -72   11  87  61  -61 -59    7  -24  40 -76  67   0  72  -77  18  64 -13   44  73   14 -46  33  -95   21  25  20 -30  100  -35  71 -98 -54  11 -16  79 -50  36 -23 -10  98  59   42  -1  12 -81 -64 -59  11  -56  -90   50  52  24  40   36  -95   72  -83  -47   59   20   90 -14  82 -69  22   -7 -87  -34  63  71 -19  -34 -17 -95  -86   54  -25 -39 -68 -16 -49  18   4  -81 -53 -28  84   -6   7
 79 100  -6  -12  35  -69  84  -26  97 -47  17  -96 -90 -55  -95  37   14  -48  45   1 -53 -45 -44  -13  58  93  36  -58  23  -69 -98   4   54  -60 -52 -49 -99  -97   13  53 -75  48 -12  10 -65 -48   2  41  64 -97 -93  -99  25  25  -3 -43  -8  58   94  -83  -21  33 -45 -92  -26   40  -35  -44  -51   97  -26  -99  -5  64 -65  32  -37  29  -91  96 -83  -5  -96  23   5  -56   71  -70  -2  54  86  25  47  41   79 -76  20  27   10  99
-10  42 -67   90 -95  -50 -15   44  25  84  39  -59 -75  88   -7  58  -64   -5  25 -82 -47  59 -44   72  39 -46  -5  -43  12  -32  11 -97   16   -3 -37  39  50  -63  -21 -17  27 -34   4  11  45  65  20 -37 -35  56 -60  -32  43 -84  -7   2   5  99   41 -100   27  26  79  97 -100  -66   -1   61  -11  -83   98  -30 -84 -27 -29   8   70 -26  -91  18 -89 -33  -43 -43 -85   98  -65   22 -13  87  66  39 -78 -14  -63 -29   5  16  -68 -33
 71 -19  -9  -54  93   85  91   43 -58 -66  76  -28 -22 -73   39 -63   66  -25 -12 -62 -79  78 -79   45 -85 -25 -49  -22  84   34  37  98  -55  -33  28   4 -23  -35  -82  32 -57 -37  51  16 -69 -81  19  64  63  93 -66  -39  55 -30 -71 -47 -71 -28  -37   36   55 -39 -70  37  -49  -27  -86  -50   75  -95  -70  -94 -96 -37 -17 -26  -18 -56   -5  19 -45  12  -53 -35  47  -65   74  -73  73 -42 -84 -38 -55   0   28 -98 -37 -48  -13   6
 42  12 -25  -75 -44  -28 -74   73 -40  92  40   16  83  75    7  83  -47  -12  46 -22 -74 -54 -10  -28  76 -91 -34  -53  31  -13 -71  18  -99  -22 -62 -87 -62  -45  -66 -87 -18  -5 -99  82  86 -90  13 -24 -23  23 -12  -33  67 -49 -15 -30  40  65   49  -95  -29  33   6  63  -94  -44   29  -81   32   24   72  -90   4  98  -7 -56  -39  92   16 -74 -46  49   75  80 -23  100  -67  -92 -35  -9 -64 -42  -1  -2   96  34 -80  98   46  74
-28  78 -90   60  14  -87 -65   36 -37 -72 100   -4  57  12  -94  12    1   86 -44 -41  45   1 -37   72 -85  22   0  -94  77  -35 -81  32  -25  -80  56 -76   9  -15   76 -77  19  79 -64  -6  68 -30  39 -66 -12 -66  74   50 -96 -41  77  52   8  39  -10  100   50   3 -13  24   38    8   48   24   41   64   71  -47  20 -95  34  34   98 -98   47  44  72  -4  -47  58 -21  100  -32  -25 -94 -88 -28 -58 -63 -70  -66 -17 -39  15   -5  22
 84  87  -1  -62 -77  -21 -85   17 -93 -53  17  -67 -93  76  -84 -47   36   16 -32  -4 -17  49 -68  -77 -79  45   9  -48  44  -96 -95  41   -2   40  98 -55  27  -35   48 -11  35  83  39  36  93 -90  -5  44  81  78 -13   38  78 -21 -58 -48 -29  22   93  -28  -34  64  84 -86   12 -100   47   10   41  -64   97  -62  46  56 -68 -19  -65  33  -70 -28 -42 -76  -98  48 -65   21    0  -48 -95  64  81  93 -17 -12   25  55   4 -31  -83 -55
-72 -95   8   -7 -30   55  18  -35  76 -38  33  -33  62  84  -73   9   10  -53 -92  92  39 -66  14  -56  -9 -67  85  -49  -1  -62 -94 -11 -100  -80 -38  92 -14   91   79 -28 -71   8 -22  72  79 -19 -99 -19  54 -59 -81   83  58  57  76   0 -43 -32  -46  -76   50 -89  61  65  -32    7  -82  -37   10   64  -64   65  62  94  85 -66   34  50  -32  69  72  50  -92 -46 -26   18   -4 -100  -1  -2  25 -63  56  80    6  74   8  10  -10  43
  0  79 -92    7  44  -11  -6  -24   4 -32  88   75   6 -10  -66 -66   -5  -33  40 -77  60  56 -95   97   1 -32  76   51  93   79  88  70   41   18  24 -69 -44  -53  -48 -24 -69 -31 -94 -76 -93  72 -54 -68  30 -70 -99   57  73  44  73  24  29  88  -30  -86    8  -5 -22 -17  -77   45   41  -90   73    0  -13   22 -86 -45 -48 -38   71   3  -18 -76 -62  -6  -23 -64  78  -33  -38    3 -19  96  86 -92  74 -47  -69  81  85 -65  -73 -89
  4  25  44  -54 -30   56 -57   27 -23  71  87  -43  -2 -60  -28  46   97   10  26 -10  98  91   1   36  32 -99  19   95  22   65 -79 -41   47  -18  14  32  -8   75  -85 -58  66  22 -47 -69  11  20  36  37 -72 -64 -77 -100  43 -40  59  41 -44  -9   87   85   65  12 -80 -79  -22   55  -90    7   55  -22   65   24  29  47  80 -93   14 -81   21 -40  -1  89  -54  16  17  -92  -58   93 -28  14  89 -25  37 -29  -56  89  12 100  -25  20
 93 -12  71  -68 -61   74  51  -87  21  55 -99  -99 -72  59   -7 -17  -46  -65 -74   3  64  19  95   38 -32 -93  65  -37  13  -83  99 -80   41   57 -61  69 -54    4  -25 -71  61  76 -44  63 -28  33   6 -65  78 -89  18   77  26  19  43  23 -44 -73   31  -70   49  39 -28  47  -57   51  -63   52  -76   87  -76   86 -76 -78  -5 -26   70 -59   70 -42  38 -17   -1 -20  52   66  -75   28  -5 -68 -96 -21  12 -61   -8  52 -37 -55   45  48
-28  65  55  -71  87   48  33   40 -95 -54  18  -39  -1  27   90 -68   78   53 -35  63  18 -68  93  -29   4 -32 -43   31 -45 -100  18  70  -30   80 -20  40  -5  -89   32 -84  10 -33 -82  72 -43  46 -30 -38 -67  51  54   19  78  85 100 -83 -95  86   55   66  -45 -80  62 -37   60   66   95    6   58  -59  -84   89 -89  32  72 -45   74  -7   66   4 -52 -48   27 -48 -12   62  -34  -40 -51  54  67  44  93  17  -93 -67  87 -52   22 -89
  3 -29 -39   39  46 -100  69   78  28   3  68  -98  12  91   90 -38    9   -9  49  91 -30  14  70  -56 -50   7 -40   35  66   60 -89 -75   55  -44  49 -65  69   36  -36  96  18 -70  97  84 -68  75 -24 -75  63 -43 -27  -20  81  32  53  83 -78  35  -51  -45   41 -66 -91 -77   27   -8  -73   36   63  -88  -87  -63 -52  62 -99 -98   36  32  -56  10  92 -84   92 -79 -47  -70  -88  -55  -6 -14 -98 -58  64  -9   43  79 -81  75  -38 -17
-98 -57 -36  -85  54  -72   1   82 -67 -62 -66   -2   2 -50   -2 -99  -15   64  99  49 -94   0  98  -77  87 -13   2   31 -99   11  83 -53  -42   89  71 -39 -54  -47   84  46  74 -17  36 -88   8  93  51  19  -3 -30   4  -70 -95  37 -23 -24  19 -83  -45  -22  -86  80 -25  54   92  -23  -55    5   52  -32  -57   34 -91 -86  72 -40   98 -15    9  18 -16  95   -8  50  72  -21   54  -56  55 -80   5  24  33  42 -100  21  62 -58   -3  38
-14 -22  27   -8 -24   18  14   56  -5   2  21    0 -63  87  -66  70  -31   12  96  70  99  59  66   78  38  86 -92  -37 -80   18 -72  15  -97  -12 -28 -34 -10  -48  -38 -49 -53  -9  95 -37 -66 -84  40  40  30  31 -32  -53 -70  62  97 -68  24 -33  -11  -24   32  30  18 -13  -26  -82   30   -6  -95   49   54   78  88 -31   4   7  -15 -95  -44  84  77  47  -89  89 -36  -96    9  -59 -73  -1 -24 -73 -36  -3  -42 -88 -65 -66  -35  76
-44  54  93  -95  56  -17 -98  -62 -23   4   3  -44 -27  15   49   5   13   62  54 -82 -27 -45 -97  -84 -22 -51  83  -79  58   36 -63  74   65  -16 100 -26 -13    6    5 -35 -49  89 -73 -27  60 -47 -80 -19  62 -17 -17   59   4 -95   3  75   8 -51  -86  -70    9  49  73 -36  -32  -27  -50   24   92   48   41   82  51 -30 -88 -36   13 -34  -79 -60   6 -33  -48 -55  22  -36   10   84 -22 -64 -81 -14 -30  30  -33  72 -84 -40  -55 100
 54  79 -21  -48 -23   74 -74  -38  20  83 -36  -42  57  79    2  34  -45   64  17  80 -87 -76 -46  -71 -49  33  62  -29  72  -83  42  46   41  -57 -69  88 -16  -35   63 -52  98 -56 -43  -5 -72  16  15  55  15 -64  90  -50  54  19 -45  94 -14  84  -78  -85   64 -92 -12  -5  -11   43   89   54  -32   84   76   15 -25  61  39  68   50 -31   42  95   7 -79  -71 -96  68   56    5  -63  73 -97  41  65 -74 -81   65 -10  91  -2   13  55
 57 -67  46   -2  16   79  24   61  10   5  55   96  37  36  -62 100  -41  -80   2 -14  12 -89 -17  -73 -84 -67 -41  -30  86   39  39  90  -40 -100  46 -95  58  -80   49 -95 -74  63 -63 -88 -35 -42  21  64  93  42 -47   59 -30  12  18  48 -32 -61   39   35  -12 -96  99  45   24   -9  -31   30  -11   63  -36   63  74  59  60  18   77  -8   91 -66 -11 -87   95 -64 -86    6   22  -41   7 -28 -42  62  47 -20   43  31   2 -23   94 -63
 62 -47  78   23  88  -29 -53  -78  25  90  38   69 100  97  -35  78   67  -12 -53  -5 -33 -85 -95    2 -93  27 -92   38 -13  -91  20 -91  -82   65 -16  83 -48  -75  -44  17  10 -25  27  15 -48  -7 -47 100 -76  23 -87   74 -70 -16  41   6  39 -64   22   71  -24  54 -59 -56   47  -17   39   -8   36    7   44  -31   4  37 -12  -3   65  -1 -100 -22 -99  25  -75 -43 -30  -75   -9   66  20  78  30  86  50  45   72  12 -91   8  -31  80
 52  88   0    9 -77   98 -99  -36  52 -85  35   80  -6  63  -64 -33   17   97 -15 -73 -50 -81  44  -85  63  47 -69  -67 -32  -82  43 -16   99  -50 -20  -3 -82  -16    2  67 -60  23 -56  21 -60 -96 -91 -73  77 -19  57  -82  76  98  48  92  56 -54   68  -26  -68  62  26   7  -42  -53   99   11  -15  -99  -98   63 -83 -48 -76 -12   82  39  -22 -19 -64  97  -55 -58 -98  -54  -24   54  28  22  83  46  98  84  -89 -90 -71  45   23  47
 76  19 -75  -95  87  -66 -19  100  62  36  33  -77  17   7  -86  11  -35   55  32 -49 -21 -60 -38  -96  54 -42 -36   34  68    0  11  -3  -65   74   3  44 -64  -53   77 -84  96  54  37  40  66 -37 100  19  96 -52 -53  -74   7 -57 -87  56 -31  18  -24  -29   69 -32  17  87  -35  -74   -9  -64  -23  -20   90   -1  23  85 -60 -42  -61  61   -1 -82  33  31  -41  27 -65  -55   45  -10 -52 -87  60  97 -17  32  -68 -72  32   9  -96   9
  9   2 -99  -90  16   23 -46  -86 -49  57 -59  -76 -48  23   75  95   33  -63 -82  43 -27 -48 -44   44 -87  79 -86   -1 -11  -17   8 -49  -40  -93  12 -80  -3   76   16 -39 -70 -75 -11  75 -35  73 -96 -77 -45 -10 -30  -43  44 -26 -44  58  48 -82  -62  -72  -88  -1 -79 -19   66  -69  -30   41  -20    0   85   68 -66 -19  47  13   20  28   32 -32  35 -66   46  -5 -65  -63  -23   61  28  50  47 -47  12  48   41  80  81  41   95 -96
 -8  20  75  -87  -8  100  41   33  79  28  17   24  63 -87  -90 -74  -98   29  27  78  47   1  63  -19  47 -19  20  100 -88   83   0  23  -68   95  -2  48   8   40  -75 -76   7 -97  70 -33  94  82   8  18 -99  78 -73  -23 -85  49 -81 -49  37  -3   39   94   43  78  81 -85   67  -29   -3   46  -93  -27  -23  -32 -72 -44   5  30 -100  94    4 -95 -86  10  -23  73 -93  -87  -43  -58 -18 -52  42 -82  87 -78  -44 -90 -94  98   12 -54
-18  50 -55  -46 -99  -25  67  -90 -34 -12  99  -98  37  74   95  51    2   -9  94   6  74 -60 -39   22  -6  29  76   -3 -50    2  76  73  -31   81  71 -65 -34  -60  -86 -60 -66 -66 -28   2  99 -90  19 -45 -11 -37 -35  -40 -18  -1  10  98  49  12  -77   94  -26 -13 -24 -75  -46   67  -85   96  -80  -24   37   78  31 -77 -93 -36   83  70   83  71 -64 -82   36 -50  91  -29   91   -2 -18 -94  15  39  35  98   32 -80  71 -22  -74  -7
 94  91 -89  -31  56  -72 -52  -95  86  57  47  -44   1  36  -26 -67   88   -6  88  16 -74 -73  36  -93  15  68  19   84 -42   49 -88  62  -88  -70  30  22 -46  -53   10  -9 -94  37  73  66  58 -65  41 -90 -88  61  71  -19 -26  35  50 -48  49 -53  -97   90   76 -32 -82  13   33   77   52  -88  -75    0  -83   69 -33  19  14 -83   63 -69    3  73 -63 -80   28  69  85  -67   82  -41 -54  -4  29  27  33 -42   89  80 -20 -93   84  56
-94  61  52  -48 -89  -50  63   20  60 -21  75  -22 -47 -61   -9  24  -98   93  57  -7 -95  20  33   19  26 -64 -45  -37  19   24 -45  28   96   30  77  74  -7   71   47  67   7 -83  80  26 -77 -50 -25  32 -79 -29  83   48  45 -59 -50 -28  -6 -74   22   22   92  50 -62  64  -71  -75  -62 -100  -69   97   55  -71  74  13 -98 -94  -24  -9  -56  85 -17   8   79 -99 -31  -78  -27   13  84 -60 -52 -87 -38 -63   21 -44  30  82   73  44
 91  61  69   70  77   63  33  -61 -96  80   3   98 -35  73   42  81   13  -82  37  66 -72 -45  14   61  92  36 -30   18  83   58 -59  32   69  100  79 -92 -21   86   64  38  76 -15  57 -98   0 -50 -92  19  18   7  50    2  42  -1  38  29 -88 -15   43  -74   25 -32  19  97    0  -28  -61   12  -81   66   94   55 -41  56  23 -19   25  -4  -89  22   9  98  -51  54  75  -74  -96   44 -55 -64  42 -25 -43 -53  -68  37 -15  99    6 -67
-69  44 -28   75  34  -78  11   19  36 -92 -46   87  24   0  -88  81   88   50  75  29   9   4 -34  -16  19 -39  29  -70  16   61  69  34   27   -3  -9  38  19  -62  -59 -10  32 -82  37  37  -3  30 -67  53 -68  64 -89   43  51  35   3  -2  99  16   54  -91  -23  -3 -86 -52   87    0  -23   73   26   10   12  -30 -65 -66  67  13   35  -4  -74  76  80  36  -89  -1  52  -29   55  -91 -74 -20  -9 -65  57   2  -97 -55 -42 -55  -45  20
 99 -91  -8  -25  -1   -9 -90   89  54 -68  32  -28  34 -69   79  89   15    2  21   0 -88  67   0   67  65 -94   1   19 -65  -61 -85 -97  -77  100 -49 -91 -38   86   61 -93  63 -46  32  65  54  51  59 -26  24  71 -55   78  25  94 -36 -59  71  95  -47   85   95 -94 -51 100   95   89   81    2   -6   62   35   85  13  30 -30 -35   98  25  -13  81  46 -61   47  86  95  -84  -24  -98 -22 -37  86 -53 -62  96   83 -97  67 -21  -67  74
  6  19  87   15 -37  -66  73   15  27  39 -72  -31  14  76  -53  73  -88  -75 -33   9 -70  14  17  -64  -8  10 -77   38 -41   44  62 -70   40   27 -67  30 -37  -90  -55 -54  -4 -62  94  86   9   6 -61  44  58  43 -16   31  18 -96 -17 -83  90 -84   39  -87  -32  82 -28  32   -5  -43   51   -2   24   12   21  -62  62   5  77 -62  -45 -69  -10  31   1  84   -2  59  54   14  -83  -32  35 -25  35  80  10  77  -84  25 -45  64  -47  42
-19  -6   7  -92 -38   52  24  -12 -83 -35  62 -100  40  71   14 -78   51  -36 -85  81 -98 -36  75  -45 -17  57 -17  -43 -82  -13  46  -8  -30   71 -98  91  75  -47   33  12  92 -23  -6   0  20 -62  68  60 -52  35 -99   15 -64  66 -37  83 -99  20  -28   87  -96 -69 -25 -39  -63   29   37  -98   48  -90  -25  -93 -23  45 -49 -24   89  35  -31  48  14 -91  -67 -56 -67   81   76   25  95  19  98  65 -39  -6  -97  69  16 -32  -24 -86
-35  10  27  -34  21  -56 -44  -42  95  89   5  -21  87 -29  -91 -77  -43  -37  64 -42  94  65  42  -60 -90  38 -35   33 -37   -9  63  69    7  -15  84  17  -4   29   51   3 -71 -75  74 -91  74  35 -66 -28 -14 -85 -17   56 -78 -29   5   7 -65 -98   32   66   40  83  30 -98    1   97  -51  -93  -61   88  -96 -100 100  92  25  71   68  99  -75 -16  44  63   24 -15 -26   35  -55  -85 -40 -94  85 -83  94  20  -38  38  25 -95   12 -96
  7 -73   0  -83  88   42 -64  -54  55 -43   3   29  94  -6   36  55  -63  -20  33 -44 -57 -15  44   33  97 -50  -3   -4   8  -81   7   0   32  -40  52  52 -82  -39   27  63 -60 -79 -33 -27  13  -9  51 -46 -53 -25 -80  -51  68 -68 -40  91  22  32  -21   50   99  40  77  71  -51  -71  -65  -44   68  -51  -60  -93 -96  -1 -91 -44   22  18   40 -47  97  32    8 -33  49    2  -78   90  87  22 -53  38 -93 -84    1   1 -11  74  -75  39
 79  24  43  -98  59   57  55   20  70 -75  15   74  -9  16   53 -98   27   77  30   4 -83   1 -72   12 -56  11  95  -87 -80   14 -79  83  -78   53 -76 -12  20   51  -99 -99 -39 -98  16 -87 -98  16 -23  18  19  78 -10   70  73  -6 -43 -66 -58 -87 -100  -20  -78  61   7  17   92  -54  -72  -94  -42   42  -98   54  59 -39  90  -8    5 -39  -39  92  10  74  -11  34 -81  -72   56  -36  33 -25 -58   7 -76  35  -95 -64 -92 -84   14 -42
 24  -9  61   81 -93  -32 -15  -58  96  68 -41   80 -79  50  -93  -2  100  -95 -73  88  -3  29  69  -98  16  53  51   11  10  -19 -81 -94    6  -86 -20   7  31  -27   75  72 -16  24 -85  44 100 -15 -45 -71 -12  78 -36   93  26  16  44  90 -22 -56   81   86   23  95 -41 -13   17   85  -39   28  -11   -7   28   -3 -64  38 -54  -1   98  67   44 -21 -52 -42  -10  79  75   39   67   92 -35  36  80 -96  90   9   72  26  10 -33  -18  81
 99 -54 -90  -72 -61   67  47   65  41 -47  38   95 -83 -54    2 -41   32   30  42  12 -22 -39 -81  -61  70  12 -23  -36  44  -78  70 -22  -72  -24  98  19 -21  -25 -100  45 -45 -86  82 -91 -61  10  44  62  15   0 -11  -48 -84  85 -61 -23  38   4    6  -39   34 -94 -86  97  -31   73  -33  -99   35   -8  -84   87  62  48  80  44   89  64 -100  46  61  74   63 -98 -36   54  -11    9  12  23 -61  -8  91 -67   16 -15 -75  77  -32  28
-86 -19  95  -48 -50    1  85  -42 -65   9  26  -95 -42  95  -30  68  -55   41 -76 -98  71  56   5  -89 -90  30 -96  -78 -51  -86 -92 -51   10   -4  86   0  85   57   20 -82 -63  29 -99 -70 -90 -98  -4  56 -88  62 -23   98  28 -71  37 -31 -83 -78  -74  -90  -56 -41   4  22  -90  -99   18  -50  -25   44  -84  -46  89  49 -57  -1  -81 -82  -15 -10 -20 -93   84   6   6   26   35   87   0  30 -86 -79  11  11    5 -76   8 -46   83 -72
-60  88 -53    5 -97  -15  31  -38 -39 -62  42   66  90  64  -14  26  -82   21 -29  53  -1  99  87  -19 -61  85  24  -20  44   66  54   0   25  -17  72  36   2  -93  -73 -27  19 -58  88  91   4  14  36 -78 -51  -5  17  -97  54  -2  60  84  96  62  -77   67  -14 -41 -21  83   22  -57  -16  -24  -11  -77   -3   23  84 -42 -65  16  -97 -36   45 -26  88  20   47  83 -64    1   37   67  -4   0 -86  23 -15  31   84 -33  38 -83   -1 -77
 84  22  22  -52   1  -75   0  -20  84 -28 -10  -16 -29  49  -24 -15  -75   62  21 -83  73  41 -45   89  16  65  43  -26  -3  -71  55  18  -95   -1  99  49 -66   97   60 -97 -13 -60  28  35 -46  -5 -11   8 -82  95  71  -69  47  88  91 -95  82  -7  -60  -80  -53  30  78  58  -40  -81  -18  -20  100   93   51  -25 -26  88 -94 -41  -52  53  -32 -18  48 -26    0  76   3   97  -48   62  63  87  62  -2 -60 -66   25  22 -73  86   63   3
-72  45   3  -85 -48  -34 -66   39   4 -41 -49    2   5  10  -15 -74  -14  -53   2 -55  87 -35  43   84  63 -31  23   52  67  -77  50 -93  -64   37 -11  17  46  -48  -23  73 -44  50  33  86 -71 -97 -72 -75 -27 -21  39  -49 -40 -31  77 -31 -19  94   62  -40   53  77 -89 -14   88  -66   86   29  -78   78   78   87  76 -27  22  19  -49  -2  -22 -33 -66 -60   58  19  70   34   -8  -68 -90  35 -81 -89 -32 -83   -1  19  81 -42  -92 -51
-54  53  -5   13  99   87  68  -73 -33  89 -77   13 -69  -8  -38 -13   97   94  75  51 -96 -37 -70    7 -40  35  96  -21  49   13 -71 -63  -53  -29 -50 -48 -66   43   21 100 -21  51  61  43 -24 -63 -21  55 -56 -37  19   23 -34 -38  20 -34 -20 -29   22  -81   82  81 -42  14   53  -60   85  -44  -20   45    4  -64 -80  48  28 -88  -98 -87   61 -88 -43  92   -4  63 -49   12  -10   93  95  35 -89  99 -44 -40  -76  18   9  45   96  24
  8 -43  28   80  55   31 -53   55 -22 -35 -24  -47 -34  93  -28 -52 -100  -50 -24  52  89 -66  68   85  59 -53 -67   25  34   91 -68   2   50  -32 -42  78  86   75   42  -3  17 -74  82 -64  42  -1  88  59  94   5  55   32 -59 -24 -49  89 -65 -54   73   69  -76  51  83  36  -51   42   80   75  -79  -30   -7   28  67 -20 -31 -77    5 -97    5 -71 -51  75   72  44 -71  -50  -38   85 -58 -83  76 -86 -59 -22   61   2 -40 -89  -86  95
 33 -16  31   27 -67   23  50  -52 -92  15 -27  -72  23 -70   -3 -95  -59  -18  94  82  88 -63 -78 -100  75  19 -36   21 -20   47  80  79   64  -55 -92 -41 -65   14    4 -46  75  33  29   1  78  94  48 -65 -90  63  10   77 -99 -58 -47  22 -57  10   64  -45    3 -30 -21  44  -82   79  -44   65  -95   86  -13  -14  50 -24 -99 -80   86 -30  -63  87   5 -34  -83 -30 -11   11  -36   49 -82  31  86  69  27 -63   18 -14  11  29  -56  66
-86 -77 -40   40 -92   89 -32  -62 -33  95 -31   74 -58  20   97 -89   70   82 -86 -88 -36 -25 -90   87 -86 -58  -7  -37 -71   91 -44  26  -27  -10  87 -70 -59   42  -70  49 -57  33  42 -91 -52 -86 -75 -94 -65  15 -80   29 -17  65 -92  51  78  63   96   56   15 -42 -63  42  -56   22   74  -84   84   78  -86  -95 -34  35  -8  29  -17  -4  -43  59  61 -59   -9  10 -44  -25   23   99 -52  79  75  31 -65  47  -97  86  62  68   34  83
-55   5 -68   -8 -81   41 -66  -32 -85  17  55   99  14  62    7 -25   24   99  21   8 -15  20 -93  -71  99  93 -63  -70 -68   13   2   0    6  -81  68  59  91  -18   30  86  30  77 -16 -63  36 -21  91  37  47 -63  42  -44  -8  54 -66  78  78  56  -22   23   41 -12 -87  90   27   61  -82   85  -18  -71  -53  -81 -64 -80 -69 100  -47 -73  -87  28  30 -43  -78 -88 -53  -80  -70   83 -95  55 -93  95 -93 -64   84 -26  31  52   61 -71
-74  87  49   86  -8   94  29  -11  82   0 -15   12 -10  26   73 -91   -8  -73 -83 -69  77  95  26   19  50  32 -32   36  67   87 -85 -73   63  -76 -58  86  31   23   28   8  74  83  35  88  81  83 -87 -64  47 -57 -94   21 -97  98 -64  19  49  22  -25  -52   -1 -83  88 -43   26  -11   86   87   19   89  -86  -39  51  30 -20 -91   25 -14   82  -9  36 -69   94 -48   5   29   98  -64  43  55 -70  32 -36  43    6  -6  -3  87   89 -95
-74  82  85  -99 -56  -77  83  -65   0  28  -5  -22  46  27   27 -71    2  -10  34 -95  17 -53  58  -11 -64  36  57   77  31   51 -52  94   15  -91 -77 -94  35  -55   67  13 -35  20  85  38 -84 -88  95  -1 -15  91 -35   87  66  58  96  74  39  -5  -19   24 -100 -39  35  19  -15   14   20  -23   65  -84   20   -2 -99  99 -85  39  -52 -54   82 -34  53 -22   29 -21  48   -6   18  -14  -3 100  67 -70  23  70   36  71 -51  -7   73 -50
 10 -80  69  -11 -65    7  35  -72 -76  -1  16   67  45 -54   34 -23   97  -34 -39 -25 -26 -96 -57   36  60 -86 -66   85  93   -7  -9  71  -92  -41 -51 -89  96   44   93  92 -54 -63  73 -29 -93  -8 -94  42  33 -77  34   54 -54  57  95 -17 -87  60  -32   29   80 -56 -79 -54   85   86  -99    8   -5   41  -84  -99  21  71 -63  98   83  11   96  13 -93  98   87 -59 -84   39    1  -70 -69  57  45 -86  28  10   60 -99 -99  99  -70 -18
-42 -47 -30  -91  80   43  86 -100 -43 -68  24  -30  27 -38  -24  98   50   97  13 -14  96 -65  29  -37 -25 -51 -44  -76 -63  -13  97 -49   79   81 -28  -5  12   57   52 -33   9   1 -30 -79 -77 -53 -21  92  96  17 -12  -36  77  15   2  62 -11  57  -47   89  -96  32  41 -37   11  -65   58  -84   86   68  -24   41  92  97 -50  35  -22  94  -48  80  -2 -75  -37 -13  31  -40  -26   60  77  17  98  72 -29  98  -67 -90  52  96   -8 -31
-91 -17  -4   45  16  -90  54  100  30  17  29  -99 -51 -85  -48  87  -67 -100 -89 -96  -4 -18 -27   63  26 -19 -33   37  29   87 -73  19   62  -31  75 -62  79  -23   -5  60  47  14  17 -34  61  37 -23  34  87  18  17   13  88  45   2  55 -27  -1  -19   78  -55 -63 -66 -84  -85  -92  -60   23   34  -83   81   89 -58  13 -69 -51  -61  98  -84   0  69 -59   76 -14   8  -41    4    3  57  29  -4 -11 -26 -36   42  -7  88  -7   39  25
 68  59 -36  -69 -33   88 -81  -15  31  -8  43   -1  15  26  -36  32  -34  -41 -67  64 -78  56  26  -41  46  94  94  -48 -65  -79  33  10    9    9 -78  28 -56   51   52  39 -78  91 -75 -65 -62 100 -67 -62  39  55 -68  -96 -52 -68  65   5  97 -56  -30  -71  -82 -64  49 -60  -94   54   77  -30   22 -100   19  -66  50 -13 -91  72  -58 -28  -88 -65  42  61   -6  79 -10  -11  -89  -95 -56  54 -78 -28  40  94  -38  85  36 -81  -21  36