100 100
  27   47  -27 -97 -41  47  20 -61 -25  54   16 -13  52 -76 -89  79   -6  85 -22 -50  13 -24  76   82  60  -63  -45  29   15   20   81  78 -29 -39 -55 -67  -67 -39 -46  57  -27   98   13  82  -32 -53   26   15 -44   84   87   46  -9  -54  -42  64 -92 -70   54 100  82   -9  -63  96 -12  37  93  -13    9  -19   15    3  65  97   8 -54  -75  62  -87  -45 -64   7   23  81  -80 -95   25  -46   17 -18  53  23 -64  55  -75  61   26  -59  49 -18
  70   32  -66  38  43 -78  57 -29 -65  55   58  -1 -96 -95 -30  65   91 -89 -58  13  -9  40   8   94  -6  -81   53 -14   48  -64  -86  56  75 -27 -48 -95   -6 -78  33 -55  -88   68   33 -47   13  87   47   60 -66   53  -60  -42   3  -60   72 -53  74  31  -71 -36 -71   -2  -44  -2  30  21 -98   48  -88   33  -61   89   8  43 -42  73   26  42   -3   30 -43 -94  -52  22  -91 100  -47  -51   73  67  75 -88 -19 -66  -44  93    3   -8  91  46
  88   47   87  33 -11  81  51 -46   7  46   20 -21 -28  95  13  -4   85  25  32 -27  50  43 -35  -84 -64   69  -60  -5   14   66   45   1 -55   3  56  42    6  59  44  37   -1  -25  -95  -9  -66  72  -86   70  47    2  -36  -79  75   22  -48  67  80  26  -15  76 -85    1   20  96 -93  37 -81  -95  -85    5   65   16  88 -33 -78 -80   96 -10   37   40  40 -81   -5  91  -17 -25   41   98  -45  10 -50  89  31 -65  -17  36   98  -71  71  74
  13    2    6  63 -94  88  94 -59  50  58   57  80 -97   9  -8 -38   45  10  25 -24  24 -17 -41   45  28  -18   33 -84  -16  -76 -100 -66 -82  18 -25  59   40  43  17  86  -32  -32   63  54   -7 -18  -62  -51 -40   48  -81   72  32   11   92 -23  -6  66   22 -46  61  -65  -81  61   0  42 -38  -72   49   74   87  -31  45  81 -63  45   58 -21   92   -5  43 -89  -71  54 -100 -96   95   74   23 -62 -74 -43 -33 -61   46  94   29  -50  15  56
 -29  -97  -61  80  47 -50  20 -11  11 100  -78 -52 -63  18 -94 -30  -76  47  -3 -16  77  -5 -81  -75 -32   -6   37  90  -52   42  -82  34  40 -90 -45  60  -55   5 -25  40  -65    4  -79  18   11  -2   41   73 -70   73  -85  -15  25  -28  -49 -75 -89 -43  -72 -76  47   33  -42  94 -37  12  57  -60   14   70  -52  -23 -99 -88  94  94  -31 -89  -53   75  26 -73   69 -36   73  74   13  -43  -30 -72  73  51 -40  67  -92 -50  -22  -44 -77 -71
   4  -93   17  99 -24  26  61  32  10  -3  -70 -74   5  19  13  64  -75  56 -94  47  22 -95 -29   16   5  -78   99  23  -45   36   53 -32  94   4 -43  49  -62 -91 -36 -79  -59  -30  -88  36  -52  58  -42  -84 -34  -91   89    7  29   -1  -71 -50 -79  -1   -3 -93  77   15  -15  84  43  36  92   12   26  -84  -13   91  30  99   8 -24   58 100   -7 -100  -5  81   -5  45   72 -70   60   68   78  25   9  39   7  68   37  -4    5  -90  73  -1
  50   -6  -29  53  53  24  84  24   3 -74  -93  44  11 -38 -24 -49   -8  37   4  51 -24 -77  -1  -34  56  -96   71  14  -46   -6   32  97 -90  41  57 -85    3 -17 -68  90    2  -53   80 -33  -74  19   61   98 -41  -97   87   43 -34  -49  -84  49  57 -68  -88 -52  19   13   21  78 -60  93 -49   23   -5   10  -90   41 -76  64 -51 -53    2 -58  -47  -62 -72 -63   65 -19  -87 -99   95  -85    1 -22  -5  25  56 -45  -87   2   31  -23  -3  40
  49  -94   72  78 -45  92 -29  68 -33  57   81 -71 -30 -29  -5  35   60  30 -24 -46  15 -80 -27   31  24  -11  -24 -43   28  -15   51  22 -18   1 100  50  -38 -57  30  61  -47   18   75  87  -91 -16   21   34  89    6  -75  -72 -35  -53   19 -19  14 -83  -97  25 -13  -15   36 -93  66  -6   2  -87   74   13   11  -64 -13 -92 -49 -15  -16  67  -11   59 -81 -47  -71  89   18 -70    7  -32   32   6  88  35 -17  49  -27 -64  -33   56 -88  26
   6   95   79 -42 -98  -7  35  85  96 -38   16 -65  40  65   4  33  -84  12 -75  84  28 -37 -28  -42 -87  -36   -4 -18   32  -29  -16  22  37 -24  58 -54   -7 -68 -47 -53  -57   88  -23 -10  -55  24   54  -80 -75   89   24  -99  95  -72  -40 -42  96  31  -88 -69 -29    8   34  93  20 -84  22   11   26  -57   68   86 -60 -29 -96 -34   45  63  -87   83 100  65   73 -11  -86  36  -11    7   78 -36  80 -76 -86  20   58  -1 -100   52  74 -85
 -29  -62   50 -38 -20  43 -22  90 -84 -33  -10 -17  47 -71  21  -7   32  63  60  42  32 -29 -30  -36  43   92   32 -40    1  -87  -94  46  17 -62  49 -44    9  46  37  -8  -44  -95  -55  -5  -61  47  -21   94  99   81   57  -98 -82   14   36  98  91   8   12 -78  69   89   32  91  43  21   8   44   49  -27   23  -49 -57 -62   7  39  -88 -43  -97   65  24   9   30  12  -31  35   90   69   37  92 -35  64  86  71  -50 -16   -3   71 -75  11
 -16  -67  -30 -59  66  33 -90 -86 -94 -29  -26  42  -4  36  64  20  -73 -52  32 -93  57 -86  -6  -71 -62   87  -55  79  -70   88  -19  26 -52  43 -17  25   33  -9  28 -98  -19   92  -74  49  -61  32   18   13  53  -11   58  -28 -29  -51  -20  48  75  56   92 -60 -46  -24  -36 -29  63 -45   0   87  -33  -28   43  -50  15  44 -12 -46  -95  57   77  -60  63  17   56 -20   72  23  -86   47  -54 -37 -45 -99 -79  39  -75   4   75   34   5 -98
 -30  -46  -12  -5 -59  96 -32 -91 -32 -65  -28  64 -19  22  97 -93   92   9 -46 -51  70 -50  -2  -37 -83  -27   62 -67    5   -1  -28 -46  22 -17 -93  68  -54 -49 -53 -60 -100  -60   50  57   77 -87   74 -100  87  -11   -1  -86 -53    1   17  34 -80 -75   17  19  59   72   48 -36 -76  41  -7   30   98   40   18   27  91 -95 -73  21   97 -77  -28   29 -53  -5  -70   0   32 -10  -90  -12   -8   0  98  89 -47 -70  -24  40  -64  -75  23   4
 -88   27  -60  46 -90 -37  20  12  91  82   -9  60  10 -68   1  79   13 -49  88  59 -83  58 -31   94 -59   94   89 -49  -29 -100   33 -71  -1 -51  37 -87   26  24  12 -94  -80   -9  -39 -89   26   7  -22   28 -11   94    8  -73 -43  -16   99 -33  73  -4   14 -23 -65   42   36 -14 -11   5  -5   83  -37    2  -29  -76  -8 -14  70   6   30 -14  -99   98 -45  52   64  60  -60 -19  -54   12   -4  68 -90 -57 -35  -9  -11 -26  -80  -41  73 -33
 -26   -6  -97  51  30  21 -24  61   3  41   43  60 -55 -76 -68   4  -55  86  10 -25 -45 -35 -77   66 -17   93   52  -5  -49   37  -55 100 -51  85  16 -79    5  61  93  94   34   82   99 -77  -52  59   -3  -72  16   87   46    5  30  -38   20 -23  92  68  -12   7 -32   20  -32  49  45  65  88   99   49  -23   66  -38  88  25  23  94   64 -61  100  -97 -92  58  -99 -49  -76 -34   37   60   59  21  18  57 -82  -1   65  34  -46   18 -13 -42
  57  -13   28  99 -23  74 -13 -23 -56 -45   93  59  78  53  19 -52   62  81  -9 -55  84  19  70  -79  -9  -49  -98 -27  -79   52   14   8  74   1 -28  65  -72 -95  74 -58   76  -51   42  90    5  16  -63   85  59   88  -40   23  48   91  -66   5  50 -52   99  64 -92  -69   24 -86 -15 -96 100   47   80  -48  -50   96  75 -32 -35  37   83  95   24  -34 -87  36   46 -43   -5  14  -81  -45   98  -5  90 -71  42 -46   80  73  -47  -28 -74 -10
  83   58   55  92 -26 -30 -88  55 -22 -65  -68 -16  92 -37  -8  92    7   0  93 -63  65  48 -45   95  52  -94   32 -79  -88   35  -68 -55  68 -64 -59  -4    1  95 -90 -86  -75  -31   90 -17   77 -86  -94  -29 -90  -13    0  -95 -74   18    0 -84  58 -35   51  -2  39  -38   67  17 -70  74 -54   66  -33   18   23  -58  18  22 -10  78   73  22   93  -24 -47 -48   43  68  -85 -62   64   38   49 -30 -15 -49   3  93   61   2    0  -44  41 -34
 -71   62  -37  11  54 -51 -90 -63 -14 -66   -6  51 -20 -36  39  28  -24 -11  14 -30 -50  87  18   12  53   75  -24 -75   48  -12   -4 -48 -11 -49  54   2  -38  21 -78 -42  -83   76  -93  -4   40   9  -87  -75  74   49   87  -84  -3   70   81 -60  85  44  -27  70  77  -73  -80 -28  32  72 -80   48   41   53    5  -71  54  91   0  -6 -100 -33  -67  -37 -49 -67    4 -50   62  48   27   60  -22  49 -13 -50  20  92  -85 -83  -31  -97  72  90
 -94    4 -100  32  38   5 -93  71  35 -90  -33  20  97 -71 -59 -33   82  39 -91 -27 -12 -55 -24   94 -79  -47   -3 -16  -74   12  -92  16 -10  26  73 -15 -100 100  19  29    1  -59  -39 -43  -86 -54   64   42  63   43  -42   83  31  -84   18  27  74  74  -60 -89  10  -23   56 -89 -21 -19  36  -54  -90  -66  -49   39  60   0 -44  66   10 -43  -81  -97  51 -38  -27  59  -33  19  -10   88  -18  14  21 -67 -88  24  -77  22  -19  -26 -17 -93
  -3    6  -99  70   8  57 -54  17 -38 -38   75  50 -42 -86  94 -61  -52 -35 -95 -78 -80 -93  92  -32 -45  -15  -40 -47  -69  -51  -98  60  63  29   1 -16    5   3  28  87   74   83   73 -93    7 -41   44  -82 -14  -53   42   66  85   86   43  30 -32  47  -72  63 -64  -53   36 -55  -5  89  56  -42  -14  -20   32  -82  87 -16  83 -65   -9  68    6   -9  27  67  -29 -38   66 -34   27  -50  -11  22  44  78 -12 -24   22  68  -60   13 -90  69
 -35   18  -34  21 -17 -28 -11 -87  46  97   56  43 -69  40 -87  29   84  66 -58 -74  95  28  -2  -88  11   53   34  -3  -33  -32   19 -20  95 -88  63  40   88  57 -46 -12   -9    2    0  83   88 -16  -79   59  77   46   67   91  40  -69  -45 -32  41 -76   70  15 -72 -100  -99 -56  56  80 -35  -34   25    8  -83  -19  63  75 -34 -13    1 -46   67  -83 -31 -48   54 -84  -33  28  -63   26  -97  77  47  16  18  13    6 -14  -55  -45  62  55
 -27   33   -5  26  41 -52 -51  50 -44 -76   73  43  79 -72 -88  96  -70 -40  38 -72  38  53 -40   58 -61  -89   75  68  -76  -48  -41  12  75  18 -42 -57  -13  70  97 -79  -96   89   19 -45   55  48   -1   46  28  -41 -100   26 -87  -56  -98 -10  48  48  -91  42  35    3  -49  36 -86 -54 -43    0  -66  -86   13   81 -96  14 -67  -7   43  86  -35  -36 100 -75  -93 -86   65  36   62  -32  -49 -44  76 -39 -94 -34  -94  62  -32   12  69 -14
  86   -6  -19  47 -65  56  44 -98 -11 -88   70  -1  76 -76  73  74  -41 -68  46 -87  66  46  80  -68  82   27   59 -27  -64  -67   44 -86  39 -54  17 -89   24 -19 -10 -37  -27   11   56  -8   83 -79  -11  100  34   28  -51   61 -88   78   69 -92 -71  91   10 -36 -57  -32   76   5  94 -44  11   44   70  -42  -13  -71 -30 -15  59 -86  -58 -33  -27    2 -80  18   39 -92    5  99  -76  -68  -77  24 100  94  65  87   77   1    2  -90  84 -84
  73  -44   78 -28 -12 -72  55  78 -50 -35    5 -66  11  38  87  19   68 -95 -93  23 -45   6  45  -56  54  -16   33  -2   99  -66    8 -35  23 -61 -60 -52  -63  88  65  97   -7    8  -90  51  -51   9  -13   63  58   89   82   31 -16  -30   87 -17  81  62  -89 -18  92   98   88  64 -84 -76 -67   97    6  -11    5  -97  57 -14  86 -20    0  94  -55   35 -65 -68   74 -64  -87 100   19   45  -66  65  89  26 -23 -22   44 -28   48  -93  32  81
   8   75   47  68 -71 -93 -97  85  33 -83   50 -83 -70 -42  65  91   47 -19 -61 -79  -3  14  82   59  80   57   81  64   75  -26   -6 100  71  56   1  32  -83  26 100 -48   38  -87   65  81   21  99  -68   48   1 -100  -48   93  62   81   -3  -8 -92  30   91  22 -96  -72   -2  63  47 -27 -10    7  -73    7  -99   37   9  78 -93 -11   58  74  -78  -51 -98  95   30  91   93 -26  -60  -70    1 -91  43  65  12  18  -64  53   97  -45 -54 -40
 -47  -97  -79  -7 -34 -43  37  76  23   5  -67 -38 -86  46 -24 -55   52 -96  52 -96  93  87  42   97 -70   49  -41  79   41   54   69 -68 -56 -29 -42 -83   79 -83 -41 -83  -41  -16  -24 -90   26  36  -88   91  88  -43   90 -100 -87 -100  -27 -78 -93  52   52 -68 -61  -31  -33 -68   3 -98 -53  -70   67   96   -7   17   2  34 -93 -39  -89  95 -100  -18  74 -59   17 -11   82 -26  -40    6   84 -14  96  48 -32  46   96  41  100  -28 -62  40
  84  -34  -24 -29   9 -52 -36  59 -86 -36  -92  15 -40 -63  66  14   51  -4 -54 -19  25 -89   7   20 -11  -11   65 -94   -5   94   57 -53  81 -66  53 -69  -73 -66 -61 -41  -80   92  -43  32   -7  74  -45   -7  41  -88  -23   89  -2  -17   95 -67  46 -34  -36  20  84   84   36 -27  49 -42 -12  -56   69  -99  -69   89 -32  38 -57 -44  -13 -67  -70   35  16  13  -64 -76  -14 -26   -6   62   83  54 -61  64 -99  34  -80 -42   73   -5  -7  -8
  91   67  -69  33 -80 -46 -70   4  67 -38   46 -72  73 -36  88  87    4 -21  30  48  54 -67  45   79 -60   37  -40 -92  -40  -14  -77  93 -43  51  76  21  -73  22  -1  52  -26    6   19   0   10 -14   27  -42 -78   82  -41   54  25  -81   46 -63 -65 -58   28 -23 -54   51   49  98  81  59  61  -98  -92   48  -36  100 -80  36  21  21  -46  57  -25  -12 -13  55   99  28   10  59  -63 -100   18 -58  31   5  70  82 -100  51  -97  -15  71  -6
 -51  -46  -49 -82 -23  -7  45  63 -90  88  -55  48  15 -99 -72 -51   17  79  82  81 -16  45 -53 -100  30   20   30  60  -13   65  -13 -50  38 -52  59 -99  -15  54 -41 -63  100   71   11 -74   60 -45   66  -26 -79   97   -1  -18  31   44   -4  91  -4 -16   16  70  68  -92   72  34  53  13  87  -85  -79   80   72   83  99 -37  45 -55  -27  79   20   87 -48 -43   -8 -96   44 -73   43  -43   55  74  43 -84  -2  16   96 -40   50  -95 -58  96
 -78   46   70 -81  67  60  14  65  86   3  -51  97  47  99 -73 -61   84 -19 -55 -93 -98 -82  33  -29 -34  -10    4 -19   45   11   20 -85 -18  73 -98 -83  -30 -46  63  59  -57  -29  -67  76   72  88  -15   27  99   32  -42  -13  29   70  -96 -91 -61  76    1 -59  78   40 -100 -39   8  26 -41   72   16   77   87    2 -71  30  58 -42  -66  67  -69   21 -67 -20   53  90  -75  96   95   68   11 -38  70 -49 100 -68    3 -72   33   92 -83 -26
  92   96   63  39 -30  81  63  98 -51  41   56 -39 -16 -84  38  51   89 100  89  55 -20  66  29   74  90  -20  -97 -91    5   15  -21 -38  79 -10   4   3    0 -80 -10 -10  -65    2  -62 -11  -50  79   34  -91 -23  -52   31  -35 -40  -33  -87  54 -65  15  -27  73 -69   50  -87 -87  39  28  -4  -89   38 -100   73   62 -26 -37  84  37   21 -70  -85   -2 -75 -52 -100 -45  -94  -7  -64   73   -2  50  67 -19  81 -17    9  84  -64   27 -18 -32
  24   94   19 -30  41  87 -13 -83 -62  74  -24  -9  -7 -59  93  83    2   6  14  22  23 -29  98  -88  41   77    6  48   28  -77   82 -99 -35 -92  13 -60  -44 -58 -90 -96  -52  -37  -23   3  -86  34   43  -92  91   73  -58  -31 -59  -55  -74  -1  16  75   73  33 -41  -94   11  98 -54  -4  20  -15  -56   12   33   14  87  51  83  -9    2  98   37  -40  57 -75    6 -43 -100 -24   52  -10   46  45 -27 100  59  54  -40 -47  -10  -36 -34  99
 -27  -96   11   9  87 -13  -9   4 -83 -30  -88 -70  50   3   0  49  -63  61  -9  42 -75 -33  64  -43  58   73  -83 -65   75  -23    4 -16  54  64 -99 -56   88  69 100  60  -27   49   32 -41  -31 -57  -37   72  87  -22  -67  -90 -83   49  -61   6 -74  -6  -99  71  32   17  -10  60  59  36 -81   55  -19  -41    5   91  31   1  44 -46  -16  58  -98   24  59  50  -35 -35  -58 -71   13  -87  -10  50 -39  21  38  96  -12  59  -63   54  82  44
 -67  -49   92 -51  46  83  56  65 -69 -42   29  90  15 -97 -22  51   27  68 -59 -94  -7 -84 -97  -51 -50   -8   -9  70   61  -70    9 -15 -18 -80 -79 -78  -56  36 -91  36  -71  -65  -84 -20   62 -62   94   28  -2   25  -74  -51 -26  -74    1  36 -77  58   40 -82  84  -98   11 -64 -20  77  31   88  -95   56   -6  -34  99  19  77  52  -77   7  -38   12 -86  89  -55  77   11  50    7   15  -55 -93 -91   9 -98 -49   74 -90  -12  -30  12 -88
 -80   93  -19 -13  35 -52  55 -28  10  91   94 -52  39 -35 -89 -10   42  27  47   8   7  76  31   69  26   28   84 -40   57   13   36  43 -17 -65 -16 -97   86  71  96 -95   73   66   19  28   16 -23  -45   27  30   10   15   17  94  -23   51  47 -56  31   82  13 100  -12  -59 -18  85   1 -48  -32  -48  -61  100   21 -47  25 -11 -22  -96 -14   48    5 -32 -99  -99 -23  -84  49   53   21   52  76 -56   5  28  13   86 -47   32  100  -8 -95
  61   82    6  69  54  38  -8 -24   3 -68    3 -54  97 -67   9  -5   64  32  78 -84  83 -72 -44  -11  -5    8  -29 -11   47  -48  -84  22  98 -24 -45 -23   48  78  29 -25   79   40  -60  62  -96  11   61  -76  88   77  -12  -44  91  -78   -3  41 -92  42  -80 -27  64   70  -97  95  42 -85  16    5   -4  -20   88   13 -58  12 -18  71  -35 -10   51   59  40  -6   53 -94  -38  -3   86  -17  -18  98 -11 -92 -11  97  -73  60   39   67  -1   1
 -50  -38  -17 -80  67  87 -59 -11  85 -77  -48 -51  71 -32  91  79   23 -65 -36  92  43 -36 -89  -33  -9  -60   -4 -23  -46   67   96 -40 -54  91 -44 -70   23  93 -94 -40  -59   73   86 -63   66  88   97   48  70  -32  -92   37  45   42  -68  -4  89  61   29  -9 -84   -4  -97 -81 -20 -95  53  -57   83   36  -37  -22  92 -79 -75  74  -40 -38  -15   38 -95 -93   35 -72   51  25   39   57 -100  23 -11  91 -77 -45   -9 -71   97   67 -77  74
 -79  -17   85  16  61  68  15 -79 -81 -35   11 -62 -10  12 -45  80  -88   3  22   6 -41  19 -17  -38   8    9   30  11   53  -43  -13  42  91  19  46  71  -36 -44   8 -79   71   74  -70 -15  -45 -93  -94   32  82   98  -22  -34  74  -24  -41 -37 -30  98  -18 -85  14   81   12  44 -74 -95  35  -15    4  -11   15  -83 -23  62 -68  28   52  81  -63   89  95  -7  -21 -89  -45  43   57  -35    4   8  57  93 -11  -6  -88   7   69   92 -66  16
  45    1   -7 -72  63 -19 -28  74 -51 -45  -39 -96 -87  45  10 -98  -69  92   1  21  16 -17 -38  -25  35   71   45  94  -70  -85   16  80  75  91  68  25  -94 -91  14  57  -43  -19  -45 -13  -35 -59 -100  -75 -73   80   91   -3  21  -97   28  18 -97 -37  -69  56 -62   58    4  86  78  27 -69   87   86   11   15   74   7 -38 -72 -96   77  25  -58  -70 -30 -90   40 -64  -29  60  -48  -72  -65  17 -48  11 -40  88  -87   3  -16  -83 -31  31
  43   53   92  34 -15 -41  48  42 -26 -30  -18 -91  61 -44  59  10  -19  94  77 -63  85  17  21   38 -79   36  -52  84   95  -94   35  43  63 -27  45  83   68 -71 -72 -18  -79   23   93  24  -65 -83  -24   -6  58   -8  -71   18   2   34   67  -7  44 -42   79 -65  -8   28  -40 -70  20 -95 -78    1    7  -69   86   66 -16  72 -10 -95  -61 -47   56    9  96 -15   83  57   40  12   39  -67   -5  24 -93 -99  84 -52   67 -66  -86  -68 -66 -87
   4  -50    0  85 -79  16 -99  35 -49 -87   80  95  54 -68  75 -83   19 -58  75 -40 -21  79  94    4 -40  -98   -5 -43  -32   37   93 -46  72  32  47  77  -80  27  90 -77   57   79  -92 -93   20   0   -4   -6  67  -60  -78   62  82  -23   97 -97  94 -35  -31 -62  10  -73    3  45 -10 -99  -1   -2  -68  -55   66    1 -29  96  -2 -49  -77  96   10  -48  69 -43  -62  23  -67 -99   42  -91   26  88  29 -69  33  -7  -97  10  -44  -18  22  -2
 -96  -31  -56  63 -98  66  85  49  79   6   99  22  20  84  43  43   10  28  72  21  59 -18 -60   12  18    5   61 -35  -84  -77  -22 -86   8 -40 -63 -20  -20 -74  68 -32  -93   63  -77 -39   84   8   -5  -72 -38   60   -2  -84 -62  -30  -75  97   2  97   23 -27   0  100   24 -62 -38 -17 -71  -77   33  -45   47    4  57  -7 -50 -62  -90  82  -15  -47 -41 -39   49 -64   46 -97   63    9   28  13 -11  94 -35  45  -30  47   70   98 -63  -8
  45  -81   47 -86  52 -26   5 -96   6 -70  -40  79  53  49 -41 -83   30  33  53  29 -15  97  81   21  12   70   28 -77   50  -21  -27  57 -62  -6  97 -18   34 -65 -20  98   52  -79  -11  35   14  52   42   65 -30   83   24   -5  61  -59   24 -87  -2  31  -45  32 -61  -70  -72  88   9 -88   5 -100   42   -1  -98  -51 -42  61  15 -37  -88 -15  -77   69 -71 -95   -9 -52   58  82  -18   22 -100 -45  20  12  33   5  -29 -78  -80   -2  11   7
 -71  -47   87  50   9  33   2 -31  73  89   49 -68  40 -31   6 -28 -100  23 -94  88 -82 -92 -16  -25  90 -100  -36  51   59  -39  -90 -63  76   9 -42 -34   43  10 -96  -7  -56   92   35 -26  -44 -63   77   84 -36   64    5  -32 -90   92   90  43 -84  64  -39 -46 -71  -29   62  91  26 -42 -70  -42  -90  -85  -84   79 -67 -53 -39  -8  -58  59    6  -16 -63  96  -46  -6   -5  63  -41  100  -90 -81  68  68 -74  -1  -64  63  -26   96   2 -71
  15   68   47  92   8 -81  81 -80 -76  72   71 -13 -61  73 -92 -88  -36  62 -17 -90  92 -38  95   23  91   98    4 -49   -1   99   19 -39 -74  71 -61 -99   98 -64  61  92   44   82   58  66  -24  49  -11  -43 -95  -32  -71   53  77  -71  -45 -30 -65   2 -100 -95 -92  -56   33 -74  58 -10  11   25   66  -67   45   97  38 -97  56 -57  -75 -61   86  -73 -88  28   18 -70  -22 -77  -93   86   -1 -61  30  -4 -85 -39   49  -4  -93   -4 -17 -79
 -25  -28   50  -6  28 -21 -81  52  98  14   46 -71 -91  78  16   2   69  12 -55 -40  58  47 -30   78  61  -20   73 -57   43  -91   63 -76  53  37  51  92    1  99 -37  98  -40   33  -14  20    3  55   57  -79 -98  -24   15 -100   5   74   86 -38  -6  17   46 -92 -88  -49   99  43   7 -93 -68   17   75   18   37   92  97 -79  76   6   26 -78    4  -15 -98  90   83  97  -70 -95   84  -87   73  97  35 -93  54 -17   34   9    3  -88  -3 -69
  88  -79  -84 -18  11  33  55  53 -40  31  -55 -37 -72 -46  -3 -91  -16  33 -87 -99  83  16  46   39 -99   18  -34  12  -86   59  -28   1  56 -73   8  -2   87 -64 -76  37   -8   82  -79 -18   18 -55   84   70  35   87  -65  -24 -89  -78  -83  67  35  83  -38  35  53  -98   61  -6  64 -30  28   36   14  -77   55  -79  -7  85 -40  69   32  92  -16  -59  25 -35   35  39   -2  74  -14  -43   -9  64 -28 -99  90 -97  -80 -55  -36  -89  52 -57
 -81  -34   -1  40 -73   2 -28 -61  84  20   76 -41 -93  70  28  25   88  18   0 -89  13 -27  42   11  82  -26  -67  33  -18  -86  -12  42  42  82  -7 -22  -88  83 -66 -30  -39  -79  -70 -52   83  45   86   26  37    4  -66   25 -21  -25  -94  68 -68  26  -81  80  68  -58  -93 -60 -79  50  13   -8   94   66   19  -91  30  58  89 -26   39 -49   22    2  57  16 -100 -25   13 -56  -27   -1   88 -60 -68 -66 -38 -73   98  61   41   68  82  70
  91   72  -16  79  69  18  -2 -61 -62  55  -36  61 -49   2 -24  62   74 -90 -76  56 -34 -11 -98   69 -91  -27  -92 -57   -4  -86  -56  83  68 -19 -81  -2  -69 -67  79  91  -96   -9   78 -10  -45   0  -90   56  -8   -7   68   13  -7   99  -96  17   1   0  -69  82  11  -27   62 -38  56  70  12  -70   83   54  -79  -11  33  50  99 -30   54 -95  -91   60  20  75   37  37   51  97  -81  -92   52  72 -65   5 -32  73   57 -89   29  -81 -15 -33
 -33 -100  -38 -90  30 -13 -14 -95 -91  15  -66 -48  40   0  -8  84   67  85 -40 -27  87 -60 -16   47  75   87   24 -45  -69   53  -73 -86  22  66 -17 -19   79 100   8  67   34  -25   -6 -81  -84  -2   14   69 -65  -85  -39   39  95   66   61 -56  94   4   13  63  92   63  -55 -31 -16  34  92  -12  -69   94  -61  -51  91  80  39  11   13  21  -59   -6 -19 -46   21 -10  -96  89   57  -61  -40   1  90 -76 -93  66  -40  -7   81   76  -2 -36
  48  -66   96 -86  83 -35  17  20 -88 -37  -90   0  92  37  11 -36  -27 -55  21 -74  79  73  -5  -89  84  -46  -72  -6    8   81  -84  36  -6 -83 -11 -51  -45  27 -30 -72  -79   44   99 -69   86 -91   60  -49  32   91   -8  -45 -39  -37  -98   3  43 -18   51  43 -56  -34  -75  36 -91 -58   1   15   52   43   31   89 -26 -54  44  49   75  -9  -38   92 -58  97   41 -23   78  92   56   22  -94  66 -97 -62 -42  -4   87  98  -60  -96 -74 -64
  59  -42    6  26 -40 -47 -95 -20 -54  54   66  67 -66  78 -68  32    9 -16 -72 -78 -80 -76  22   38 -61   50  -53  14   18  -86   61 -85  56 -83 -53  17  -45 -60  87 -21   29  -87  -82 -65  -34  89  -50  -59  81  -97  -68   76 -12   11  -62 -10  98  61  -61   3 -36   63   45  20 -90  -6 -54   53  -12   47  -31   91  46 -24   5  -6  -39 -61  -27   50  15 -38  -52  19   36  27  -91  -23  -92  75  98   5  57 -69   81 -14  -16    6 -63 -30
  13  -55  -94  90  51 -64 -22 -22 -24  73   -1  72 -68  18  29  12  -38  48 -36 -49  10 -51  96  -65  43  -80   31  12   59   55   50 -14   0  51  99  28  -89 100 -29  33   59  -11   17  44  -89  86   82  -96  53   -9  -77  -11 -27  -27   78 -97 -44 -29    1 -64 -42  -13  -30  97 -82 -84 -10   29   88   98   42  -46 -18   8 -79  12  -33 -79  -62  -42  69 -44  -35 -23   16  73  -74  -95  -81   2 -24 -88  50  85   81 -98  -88  -62  20  47
  15   56  -74 -72  58  83  -8 -99 -31 -44   70  97 -99  96  70 -37  -92  64 -34 -83  57 -75 -35   35 -74  -22  -64  61  -77  -14   56 -57 -12 -72  20  30   24  75  56  58  -98 -100  -65  30   58 -64  -27   30  -2  -89  -11   -4  18   53   37 -11 -57  90   43  -4 -86    7  -12  25 -58  78 -55  -70  -40   58  -94   88 -87  29  91  19   25 -52   -8  -98  35  41  -83  87  -14  47  -26   64  -22  28 -95  21 -38 -88  -82  99   27  100 -25  40
 -12   80   40 -50  19 -32  51 -98  94  42  -39  -4 -30  52 -36 -37   91  83  57 -37 -25  41 -77  -85 -78   36   36  72   66   24   -6  64 -44  75 -15  94    1  95  17  64   -4  -55  100  22  -79 -59  -77  -93   0   78   33  -35  46   92  -11  69  96 -86  -54  12 -92   90   56 -37 -47 -72 -19  -11   29   13  -49  -67 -37 -68  29 -62   76  67   34   50 -37 -63   25 -69  -92  16  -27  -26  -50  24  42  -4  72   2   93  65   75   35  89  43
 -80   78   99  90 -41  75  -2   6 -85 -92  -20  74 -71  -2  46 -91  -53  34 -50 -18  -3 -64 -63   12 -12   63  -25  13  -50    3   45  14 -32  99 -54 -16   74 -24 -50  19   22  -59   52 -23  100 -55  -65  -46 -37   60  -28   95  16  -50   86 -89 -83  -6  -83 -54   6   44  -26 -54 -57  -4  15   -4   74   43   27   57 -31 -43  21  18   -8  18   98   29  22 -23  -56 -60  -98 -60  -92   19  -17  92  97 -85  64 -66  -99  -7   98  -68  16 -57
  53   75   38  42 -65 -45  80 -69 -44  91   45  -9 -13  87 -44 -57  -47  67 -90 -74  52 -13  42    4 -18   87 -100  89   -8  -43   30  82  50 -71  43 -76  -10  31  36  -7    0   70  -96  33  -77 -77  -46  -90   8  -38   94  -87 100  -62  -88 -54 -43 -34   82 -96  81   71  -84 -56  21 -43  25  -66  -22  -92   87   57 -50 -50 -94 -60   83  70   47  -63 -77 -96   73  61  -96  31  -91   29  -66  67 -16  57  23   3   10  53  -83  -31  92 -94
  31  -56  -91 -64  13 -97  -1  48  65 -80   60  37 -91 -25  51 -89  -98 -74  15 -44 -34  -9 -75  -55 -48  100  -17  69  -30    4   41  73 -88  98  77 -54  -98   5  99 -87   54   18  -64 -40   11  43   60    9  88   38  -53   -1 -39  -31  -68  46  86  47  -54 -78 -93   71   36 -15  74  62  79   44  -26  -32   67   85 -93  76  87 -71  -73 -53   44   26  88 -36  -57 -98   79  65  -80  -83   20  96  32 -92 -49 -89  -24 -88   75   25  65 -78
  81   99    2  46  51  18 -59  28  43  -1  -23  79  15 -93 -40  -2   -8  52 -41  65 -73 -80  73   87  -3  -44  -15  -4   25  -52  -20 -85  88 -84  39   6  -20 -11  54  51   65   44   -4 -64  -94 -31    6   40 -34   72   67   75  42   -7  -54 -43 -70 -19  -82 -61  12  -37  -32   0  17 -94  78   98  -24   71  -34   96 -78   1  -2 -17   19 -90   -6   -2   5  84   23  89   87 -14   24   35  -29  66 -66 -96 -26  76  -16 -96   74  -85 -59 -39
   1   25  -72  -8 -33 -92 -54 -44  15 -34  -47 -11 -74  83 -18 -94   24  81  13 -95  20 -27 -63  -33 -32  -67   88 -32  -84  -32   60   0 -92 -48 -71 -31    4 -46  62 -91  -38  -32  -51  86   58  18   34  -55  13  -38  -16  -94  68   40    3  54 -70 -46   38  66 -29   13   73 -69 -32  92 -88  -86   38    7  -18   70  29 -56  45   8  -85  85   92   16 -87  19  -37   6  -19 -53  -20  -92   48  45 100  48 -28 -92  -65 -54   13    4 -89  32
 -33   21   87  29   1 -53 -84  27 -74 -87  -82 -84 -60  83  43  -7   -9  54 -71 -43 -92  28 100  -63  29   19   25  48  -45   13   92 -32  38 -53  50  -1  -58 -91  63 -46  -19  -83  -84  57  -95  51  -81  -10 -37  -69   28   -7 -32  -40   63  66  71 -88  -94  51  10    1  -49  38  -3 -36  24   91   78  -22   22   22  -7  83 -11 -67   26 -42   20    9  79 -53  -48  38   55   5  -49  -42   -5 -39 -81  -8  25  85  -94 -13  -28   72  77  37
 -45  -18  -33  49  14 -94  -4  38 -46  -3   10 -39  82 -61  -9   5   21  71 -29  39  75 -46 -81   35  74  -36  -32  20   93  -87   34 -33 -73 -23  64  59   52 -59  78  27  -88   79  -28 -12  -84 -52  -57   -1 -18   23   -1   -4 -25   32   98 -53 -70 -42  -84 -41 -56  -25   85 -25  46   6 -52  -60  -35    9    1   54  37  22  -4 -80   91  17   68  -74 -35 -23   92  81   91  -5   73   90   52 -22 -87  -3  -4 -88   38   7  -53   93  59 -90
 -97   38   79 -16 -90 -56  -9 -64 -58  54  -89 -86 -75 -62 -37 -19  -86  22   6  55  37 -70 -11  -22  85   83  -51  30   87  -68   12  74   7  11  71   0   21  -9  35  17  -91  -72   26  10   64  86   50   83  64  -42  -14   79  75  -86   12 -34 -49  65  -51 -99 -54   33  -95 -24 -22 -28  -6  -16   49    1   73  -41  13  64 -36 -81   91  53   97  -25  94 -32   -5  43  -64 -32   75   46  -12 -18  -9 -53  97 -34  -82 -81 -100  -51  72 -17
  94  -42  -53 -17   7  44 -40 -48  51  34   14  53 -91 -10  35 -10   70  11  34  68 -56 -73  77  -88  75   34  -25  -9  -51   91  -95 -81  37   7 -83  84   63 -38 -60  89  -20   65  -10  79  -24  42   36  -57 -56  100  -68   57  11   91  -62  74 -89 -32  -97 -10 -48  -49  -19 -61  22 -16 -61  -11    8  -80   31   58   8 -66 -12 -53   53 -36  -61   50  35  16  -88 -95   52  61   28  -13   40 -73  33 -39  89 -99   97  60  -38   58  61 -79
  41  -33  -37 -36 -34 -14 -30  65  55 -12  -52  36  35  71  -2 -65   76 -18 -28 -80  64 -47  20   29  76   24   67  40  -50  -88  -30  57  63  75 -83  13   62  79  51  87  -27  -65  -18  -9   11 -47    8  -63  46   69  -69  -58  20  -47   84  31 -16 -75   30 -26  44    4   18  20  95   1  23   57  -13   92   97  -67  12 -18 -66   5   12 -23   56  -51  85 -55   93 -17  -48 -93   68   43  -14  85 -68  87  43 -66  -80 -32   15   51  14   3
  61  -87   14 -74  94 -13  21   7  78 -64   -6  32 -87  80  -6 -30  -81  65 -48 -14 -85  76  10  -69 -76   24  -72  53   49    5   15  41 -20  34 -49 -55  -45  65  42  29  -85    5  -60 -81    7 -52  -24  -29 -70   -5  -52   38  25   78  -18 -40  55 -76   57 -49 -19   38   46  20  -9 -25  41   61  -47   64   45   41  -8 -66  70 -67   65  78   68  -83 -26  93   94  -1   53 -93  -30   86  -93  16 -69 -96  67  32   94  87  -90 -100 -80  85
 -74  -27   34  13  87  34 -45 -83  68 -50   33  46 -62 -78  77  65  -35 -76 -90 -32  76 -85 -30  -81 -18   38   18 -38   22    4   -1   7  21 -23 -95  63  -65 -12  56 -57   77   65  -36  36  -68 -72   67  -78  15   44  -33  -94 -28   41   57 -97  79 -26  -81  90  98  -19  -14  94 -62 -11 -50   60  -84   91   70   38 -22 -81 -86  32   76 -97  -75  -77  99  54   -7  14  -18 -39   49  -81  -19  19  69  27 -28  17   27  85  -15  -35 -56  11
  44   96  -76  56  -6 -96 -43  29  84 -23   17 -29   4  59 -44  -3   40 -58   3  19  -9 -53 -68  -86 -72   35    4 -96   11  -90   77 -41 -21  30 -54 -20  -64  89 -74  61  -95   77  -95  61  -57 -47  -43   42  33   21   49  -35  56   84  -12  72   5 -67   48 -61  74  -27  -56 -56 -50 -56 -56   29  -99   10   56   72  95   1 -69  51   -2 -55  -30   72 -13  22    1 -81   -6  30   64  -50   18  34 -86 -61  26   7   54 -58  -71  -87  10  60
  84    1   33  66 -36 -19 -22 -52 -56 -61  -68 -15 -75  57 -39 -66  -67  68 -95 -93  50 -25  87  -30 -59  -63    8 -38    4   42   79   2  72  73  11  41  -76 -34  10 -67  -72  -63   94  65  -28  21   98   12 -71  -27  -27  -19 -20   33  -22 -34 -65  -1  100  16 -31  -46   12 -51  87  91 -38   61   35   21 -100 -100  38 -10  -1  38   41  36  -26   45  35  -2  -54  56  -75  50    2   82  -55  64  40  13 -86  74  -61 -27   87   95  33 -67
 -88  -40  -93 -53 -78   0  42   9  89  98   57 -67 -51  97  53 -96   16 -92 -15 -37 -92  82  89  -67  57  -13   51  84  -40  -37   46  25  20 -26  13 -36  -21  67  38  73  -17   76  -47 -53  -27  26  -81  -98  37    0   31   86 -20   50   91  60 -15   9  -30  57  -8  -86    2 -86 -88  88  25   56    4   88  -88  -47  40  32  48  -7  -73  17   57   -6 -89  71   65 -82  -76  60   75  -32   85 -41  14  70  78  95   89  -1  -17  -54  20  38
  28    8  -90  57 -14  17 -41  47 -62  77   -8 -45 -20  10 -81  88   38  38  -6  86  73 -55  54  -87 -86  -45   81 -83   30  -29   18 -67  18 -27 -47  48  -60  49 -73  36   31  -29  -67  38  -45 -65  -10  -52  81  -63  -20   67 -72   85   99  64 -70  79   14  77  97  -40   52   1   9  37  99   24   -5   27  -38   73 -25 -90  14 -78  -28 -17  -46  -91  86 -49   56 -17  -71  75  -96  -37  -56  77 -65 -29  90 -49   58  86  -36   39  28  88
  42  -10   28 -89  21 -92 -73   4  48 -57   95  -4 -71  17  32   1   20  85   7  45  95  84   0   -8  28  -13   46  -4   92  -58   50  26 -89 -25   1 -74  -31  79 -55 -63   31  -22  -97 -77   19 -41  -98   83  24  -95  -11    1   8  -46  -65 -35   6  64  -48  -6 -15   71  -10 -94  18 -48  11   49   -5   24  -57   58 -95  80  65  71   -1  34  -16   11 -63  74  -63  94   20 -98  -86   54  -62 -55  12 -57 -35 -94   76  13   63   -8  96  16
 -29   47   49 -75  91  34  91   8  71  -8   38  69 100  17  81 -27   -4  33   6 -44 -14  60  75   89 -20   71  -28  34  -83  -29  -72  24 -81 -80  61   9   43  78  40  81  -22   99   94   6  -92  32    1   48 -61  -26   34  -48  46  -94  -57 -86 -52 -79   -4  13 -67   94  -97 -43 -13  36 -14  -31   57  -34   51   85  31  10  56 -62  -59 -67    1  -98 -46 -85  -69 -52  -65 -94    6  -59  -54 -97 -10  38   0 -63  -59  33   77  -81  -7  24
  57  -48   62  30  48  97 -17 -22 -19  30  -25  26  31 -61 -57 -17   10  35  83  -6  74  53  81  -84 -74  -33   30  52   31   14  -12  79  11  32   7 -68   60 -53  70 -97  -82   93  -23  20   10 -72  -71   53  97  -30   90  -70  37  -81  -73  26 -71  54    9  50  24   73  -47   8 -80  22 -80  -86   76  -48  -20   -2  65 -55  91 -37   64 -86   82  -25  86   2  -23 -56  -25  69  -21  -87  -97  82 -72  77 -27 -13   91  89  -96  -67  97  -8
 -35  -31   30  37 -84 -35 -74 -77 -52  -1   60 -75 -95  92  77 -83   -7 -44  29 -48  63 -97  70   70  44   49  -62  61   12  -49   65 -87 -38 -91  66  72   87  71 -36  31   37   28  100 -50 -100 -30    0   44  35  -30  -49   -3   7  -19   98  67  67 -36  -59  70  12  -81   33 -22  63 -75 -63  -25  -29  -84  -30  -44 -50  63  11  62  -42 -88   21   -4  14  46  -67  88   76  75  -63  -20  -17  86 -46 -71  37  89  -56  41  -34  -48  83 -56
 -84  -87    5 -26 -83   4  11 -73  97 -79   82 -81  15  39 -16  97   28 -88 -52  64  -2 -65 -22   38 -15   32   64  -5  -90  -13   -2 -82  96  31  34  63   46  21 -30 -72  -45   71  -37   1  -71  69   11  -67  -7   58   20    8  81  -88  -30  96 -28  77  -70  -2 -64  -81   40 -81 -69 -70 -67  -44  -46   44  -51  -53  40 -31  72  -8  -10  27  -70  -85  60 -22  -93 -91  -46 -20   54  -53  -55 -28 -82 -95 -61  42  -69  81  -97   51  42  55
 -25   18   13 -57  -5   6  72 -96  28 -77   50  95 -44 -57 -35 -71   18 -78  34  63 -18  65  -2  -95 -87   14   28 -70   72   95   44 -19 -20 -12   6  46  -23  24  75  90   69   68   21 100   60  96  -94  -45  35   41   22   71  26   -5  -95  -3 -73 -10   17   0 -77    0  -91 -24  98 -33  -3  -57   53  -50  100  -90 -40  15 -31  53   85 -31  -55  -62 -33 -70   49 -34   -9  44  -21  -52   15  49  91 -63  94 -51   25 -67  -93   10  33 -83
  37   96   88  41 -22 -98 -35 -17  82 -49   76 -38  74 -90 -59  81   24  12  26  48  14  58 -57   -8  -4    1  -41  43  -98   29   77 -45  89  67  24 -23  -95   0   9 -93  -72   90  -44   9  -47 -15   28   61   3  -48   98  -47  62    1    5  14 -25  74   84  29  44  -20   96  -6  65 -44  49  -34   84   61   29  -29  19   7 -46  53  -22 -19   55   20 -54  40   56 -89  -38 -80  -64  -86    2 -99 -22 -29 -45  68  -63  57  -60   13 -18 -99
  96  -80   32  14 -57  25  68  74 -95  35  -46  55 -98  12   4 -40    5 -34  47  32  31  86  69  -37 -10  -28  -27   3  -30   87   39  80 -38  88  -2  90   77 -33 -82   9 -100   60  -72  76  -28  94  -28  -41  38  -93   73   80 -78  -88  -31   3  72 -58   -8  41 -81   45   52  35  77  78 -70   73  -26   92  -31  -48 -84 -25 -70 -37  -43  84   -4   82  50  96   67  28   -7 -97   12   82  -17  50 -64  44  79  84   65  -3  -14  -93  80  30
  11   68  -36  33  64 -76  29 -17 -55  48   -8 -19 -71  69  90  27  -33  59  60  26  74  91  91  -37 -59   75   31 -89   42  -28  -15 -32 -11  66  87  58   81  66  43 -51  -29   35  -17   9   20  95  -25  -75 -70   53    1   21 -38   70   53  46 -13 -29  -14  98  29    5  -98  78 -75  15  25  -98  -11   18  -18   62 -53 -57  14  26   98 -22  -75   73 -52 -15   12  47  -36  -7  -89  -72   70 -94  36 -70  -5  49  -15  36   13  100 -49 -96
 -10  100   63 -62 -63  87 -80 -52 -12 -48   53  37  24  33  80 -51   20  12 -14  21  56 -79 -57  -64  -7  -69   94  18  -55   48   94 -82  64 -14 -88  70  -58  32  43 -28  -38   83    7  48  -45  67   67  -62  13   46   75   -4 -21   13   79 -58 -25  34  -32  81  39  -37  -73  30  41  43 -66  -63   63  -23   97  -37 -38  35 -70  83 -100 -96   38   27  -8  95   65 -68   83  25   40    6   57  24   9 -48  34  87    2 -65  -10    9 -69   2
  48   10   95 -50 -96  -6 100  64 -73  20   67  52 -33  30 -65  18   13 -65 -71  50 -54  94 -61  -70 -60  -43  -60 -26  -84  -75    4 -33 -20 -82 -90  -5  -29 -96  57  61   50   -6   14 -71  -35  75   -8   85 -92  -88  -33   96 -39  -21  -23  82   4 -82   49  15  95    2  -78  40 -88  80  83  -33   66   13   25   99 -98 -88  13 -62  -11 -68   61  -36 -56 -80  -81 -71   42  67    1   73  -32  32 -58  74 -98  11  -81 -48   66  -60 -16  89
 -74  -43  -65 -23  96  77  33 -57  11 -99  -46 -22  26 -79   3  10  -88 -45  66  86  56 -52 -69   36 -67    6  -64  72  -94   35   39  65 -42  88  -8  59  -96 -21  63 -40   62    2  -91  74  -15  46    2   79   0   65   -7   45 -44    0  -13  29  64 -63  -84 -25  66   24  -46  95  74  31  42   10   64  -89   96   86  43 -42  65 -64  -41  73   46   25 -57 -99   37 -71   99  96  -70  -83   56  22 -92  82 -51 -97  -18 -47   45  -52  26 -68
 -22   13   36  70  68 -83  80  -5  19 -90  -34 -73  17  92  85  55   83   0  35  38  65  36  21  -25  28   22   83  25   16  -60  -92  -5 -20 -79   0 -32  -43 -97 -23  90  -59   63  -57 -95    5   4  -23  -96 -48  -57   41   37  54  -87   65  73  38  91   -7 -68 -28   79    0 -30 -43 -34  80   38   -5   54   11  -95 -27  46  56 -44   34  44  -71    1 -12  22  -50  73   48 -38   69  -38   45  61 -35  94  15 -98  -97 -52  -93   20  57  65
 -22   44   16  36  -8 -14  95 -95  -2 -43  -37 -91 -39  93  -7 -16   49  52 -47  48 -11   9 -27   10 -13   95  -17  94  -71   67  -50  24 -17  58  45  11   93  65 -25  34  -60   89   34 -16  -38  10   58   15  98  -29   61  -97 -69  -64 -100  57  62  43   39  32  85   41  -21   2  45 -76  96   20   28   83  -80  -70 -33  46 -95   2  -19 -71   96   68  91 -16    3  81  -66 -58   98  -37   68 -93  17 -11  32  23  -94 -98  -73  -43 -91  85
  -3  -24   68  58  24 -52  20 -41 -91   5  -13  95  16 -33  74   1   89  16  66  59  66  29  58   86  69   -9  -96   9  -72  -88   74 -48  89 -80 -50 -61   48  51 -26 -50    7   22  -77 -54  -40   4   16   21  15  -71  -31  -96 -23   90  -37 -92  33 -83   61 -27  -1   94   39  87  81 -49  55  -84  -73 -100  -67  -32 -75 -53 -32 -73   89 -23  -33  -39 -89  23  -27  36  -53  65   35  -11  -72 -50 -38 -34 -98 -24  -10  -6   10   41 -74  64
  72  -48   93   3  29 -45 -71  29  10 -55   -9  59  98  37  19  -5  -91  19  94  28  72  24 -64    2  84   70  -53  38  -49  -87  -71 -43 -76  64  90  -4  -26  95  88  59   86  -98   43  12  -32 -89   21   84  50   61  -30    4  37   27  -92  39  37 -59   40  97  14  -53  -47 -65  72  78  -1  -61   82   30  -43  -43  47 -85 -84  92   -2  72   20  -70  15 -90   98 -82  -20  35  -65   -4   47 -21 -57 -65 -74  46  -65 -24  -59   84 -28 -74
  28   13  -66 -32 -19 -84  50 -42   4 -60   75  -3 -85  47  39  19   -5 -71  16  84  97 -65  73  -77  50  -29   63  81   19   24   -6 -43 -44 -33  78 -47  -86  13 -60  -1   87   67  -47 -54   71   9  -75   12 -64   52   39  -31  49    5  -58 -91 -32 -45   95 -33 -41   31  -53  87  -5  75 -23  -68  -59  -15   77  -98 -85 -69 -42 -13    2 -28   14  -40 -30 -52   94  11  -29  47   71  -42   74  72  91 -64 -28 -20   59  -9   44    4  -6 -36
  28  -27    1 -34  93  78  45  42 -91 -12  -95 -83 -14 -14 -50  87  -56 -92  49 -68 -94   0  57 -100 -63   71   56  -4   30  -84   24  55 -11 -50  31  73   77  34 -56  87   97   31   43  95   24 -72   80  -72   6   93   23   90  85  -59  -49  91  21  23  -88  77  79  -51  -40  48 -55  19   0   71    4   38   97  -22  77  87 -28 -94   94  37   61  -76 -16 -81   69 -91   93  85   97   25   60 -78  81 -70  63 -59   61  21  -79  -98  62  90
 -86   47  -28 -28  54  27  43   3  15 -90   95 -72  31 -86  94  66  -35  74  97  94 100 -74  24   54  11   -4  -29 -44 -100   15  -96  98  64 -90  42   1   18  28 -25  34   -6  -12  -18  31  -36 -34  -20    8  71   48   31   73 -39  -90   43  -9  79 -80  -36  -3  10   35   11  72  52  66  63   79  -95  -40   30  -43  92 -47 -45 -72    0 -98   18   60  67  89   49 -52   49 -35  -32   60  -78   8 -23  94 100 -41   67  50  -21  -49  45  79
  13  -54   40 -44  57   3  50  37  59 -35   23 -86 -39  93 -27  51   59 -98  75  49 -42  48  96   86  66  -77   16  98   45  -64  -79  -2  87  15  29 -89    6 -75 -65  63  -75  -66   84 -64  -95 -84    1    7 -28  -53  -57   72 -58   -2  -68  67 -25 -41  -76  90 -54   14   38  87  33 -15 -96  -10  -30   37   72   43 -30 100 -32   4  -49 -75   49  -94 -16  78  -10   4    1 -25   12   -4  -29  28  -6 -30  -7   6  -83  93   55   64 -16  28
  37    2   78 -47  67  -1  45 -20  58  28 -100  31 -62  35 -52 -57   68  55  89  19  15 -29 -74  -32  16   20    6  90  -48   70   44 -26 -42  77  41  49   99 -95 -21  28    2    1 -100 -82   80  19  -95  -97 -48  -76   71   85 -72    9   73 -78 -73 -44  -96  73  20  -16   -2  41  47   3  31  -27  -11    9  -46  -58  77   4 -66 -16  -38  79  -71  -92  25  34  -55 -54  -19  40  -85  -56  -23  55  54  99  53  95  -94  15  -79  -38 -79 -49
-100   13   73  78  69  75 -28   2 -59  41    6 -57   3  89   6 -61   66  44 -77 -38  77   3 -99  -42  55   50   47 -36   48   45  -99   2 -58 -31  68 -46  -81 -89 -34  35    3  -28  -23  72   56 -88  -16   70 -14   31  -51  -73  24   18  -50 -75 -98 -26   65 -46 -22   75   89 -66 -55  68 -25    3  -72  -67  -62   34   7  68 -35  71  -55  98  -51  -78 -27 -10   35 -93  -66  10   19  -69   39   5 -73  27 -24  92  -18  23    4  -13  65  98
 -45   91  -11  46 -48  54 -23   1  33 -39   90 -50  53  91  -7 -93   48  36  44  83  19  48  43   -8  52  -23   81  41   54    1   14 -17 -55  60  66 -17   -9  20  84 -86   14  -71   81 -66  -88 -40  -44  -25  62  -32   70   42 -96  -89   76  31 -50  55    8 -80  85   45   33  76  84 -80 -87  -22   28  -35   -4  -87 -70 -98  -9 -11  -50  52  -23  -25 -54 -89  -92  17  -97  97  -46  100  -39 -23 -26 -62 -16  60  -61 -38  -44  -40 -36 -20
 -72  -79  -54 -13  39 -99  45  15 -16  65  -28  37  78  89 -50 -88   -5 100 -27  24   6  89 -44  -58  96  -91   50 -48   86  -92   84  71  66  51 -81  48  -15   9 -98 -13    0   59  -80  81  -25  41   92   33  22  -34   55   24  51   49  100  27   0  18   45  61 -33  -14   48  -3  78   2 -19   54   79  -89   89   94 -53 -41  67 -34   21  45  -77  -87 -13 -67   13  40   -6  22    6   99   -8  83  18 -56   4  70  -97  21   35   69  27 -71
 -55  -33  -94 -16 -28 -65  10  29  48  -9  -47 -98 -14 -43 -35 -87   45  63  60  87  30  96  -7  -22 100   39  -93 -75   -4  -50   78 -55  83  21  22  59   77  39  15 -84   80  -10  -90  76    7  82  -66   19  18  -61  -17   84   0  -90  -84 -67 -63  61   81  28  41   51   17  17  75 -48  14  -11   74  -22   68  -70  12  59 -49 -54   60   6   -6   -8  18  65   -9   7  -75  25   64  -62   10 -69  76  38  72  46   95  -7   98  -52 -87  92
 -59    5   12 -37 -88 -43  90  83 -45 -17  -43  20  -1   4  -9  64  -20 -79 -34 -30  43  74 -18   48 -35  -88  -55   7   83   18   46 -48 -59  -5  60 -50  -40  36 -33  49   47  -76   42  62    0  73   35  -94 -31  -96   73   98  36   66  -30  75  89  24  -56 -79  42   55   95 -37  51 -22 -18  -11   18  -35   88   73  61 100 -47  -7   66 -50   -9   73 -26   3   31  57   73  96   61  -61  -51 -90  16  78   0 -22   61  94   66   91 -88  79
 -37  -24  -66  65  39   7 -54  79  33 -54   37 100  68 -98 -38 -86  -65 -86 -25  15 -64  20 -92  -25  48   82  -53  11  -63   21  -32  53  94 -92  89 -86   -8 -10 -35  26    5  -24   -9 -37   87 -39   10  -76  19  -38  -13  -30  52  -18   16 -34 -37  25   28 -95  79   90   25  86  44  16  -3   40  -78  -41  -94  -33   1  97 -49  67   54  59  -60    1 -73  82    0 -99  -87 -78 -100  -89  -15 -53 -49  17 -32 -39   51  33   -1   48 -71  89
  34   96  -84 -73   3  29 -42  46  72  45  -19  85  57 -23 -65  63  -73  91 -53   4  81 -96 -43   75 -55   28   68  66   31  -57   11 -22 -35 -23 -96 -59   97 -97  77  31   92  -38  -56 -81  -93 -75  -19   32  34   16   -4  -92 -32   19   -1  88 -14 -23  -56  50 -35   -3   12 -53  64 -65  35   39 -100   99  -57  -76 -18 -33  71 -89   80  61   49   51  60  30   79  -4   71 -94   66   15   57   9 -33  23  75  49    5 -78    6  -20 -79  52
 -10   -6   99 -47 -23  78  -5 -90 -70 -18  -19  51  29 -70   3 -61   96 -65 -44  87 -96 -94 -62   62   2   86  -30  26  -24  -40  -37 -10 -49  84 -22 -54  -32  32 -11 -28  -82   84   78  50   22  72   49  -18  53   89   33   28 -40   78  -31 -44 -68 -59   60 -25  14  -37    6 -21 -36  26 -17   68   71   46   63   21  58 -65 -42 -95  -28   2   30 -100  87 -29   36 -25  -93  62  -37   75   45 -77 -89 -56  -2  40   57 -85  -76   29 -99  69
  29  -51   59  52 -79  85  40   8 -34  88  -51  82  45 -80   6  40   44  16 -55 -79  -1 -75  81  -84 -16  -98  -35  78   66   29   23 -96  95  16  28  63  -98 -45 -60 -56  -79  -58   39 -70  -51 -96  -76  -78 -89  -27  -18   45  73   71   37 -65  35  27  -63  66  52    8  -22 -65  95  75   4   99  -18   93   93   31  26 -25 -45  78  -70 -63  -41  -36 -77  77   64  -3  -78  50  -46   34  -22  69  19 -86 -81 -24  -35  13  -62  -40  43 -48